Confusion Matrix:
         0    1    2    3    4    5    6    7    8    9
   0: 2404   50   15   19    9    3   43    6    7   48
   1:   21 2483   23   18   12    2    8   29    5    3
   2:    4   17 2459   38   19   24    5   11    5   22
   3:    5   36   37 2366   18   78   18   11   22   13
   4:    7   69   34   27 2428    6   11    1    8   13
   5:    1   18   33   94   11 2397   29    9    8    4
   6:   37   26   13   48   17   79 2299    2   67   16
   7:    9   88   51   40    6   21    3 2382    1    3
   8:   10   28   31   85   15   20   96    3 2287   29
   9:   48   31   85   44   17   26   17   13   27 2296
-------------------------------------------------------
              precision    recall  f1-score   support

           0   0.944226  0.923195  0.933592      2604
           1   0.872453  0.953533  0.911193      2604
           2   0.884214  0.944316  0.913278      2604
           3   0.851385  0.908602  0.879064      2604
           4   0.951411  0.932412  0.941815      2604
           5   0.902485  0.920507  0.911407      2604
           6   0.909055  0.882873  0.895772      2604
           7   0.965545  0.914747  0.939460      2604
           8   0.938449  0.878264  0.907360      2604
           9   0.938292  0.881720  0.909127      2604

    accuracy                       0.914017     26040
   macro avg   0.915751  0.914017  0.914207     26040
weighted avg   0.915751  0.914017  0.914207     26040
-----------------------------------------------------
Accuracy Macro Average: 0.914017
