Confusion Matrix:
       0   1   2   3   4   5   6
  0: 249  23   6   2  15  14   0
  1:  11 108   9   0   0   7   0
  2:   3   7 167   0   0   0   0
  3:   0   0   9  63   3   0   0
  4:   0   0   0   0 207   0   0
  5:   6   4   0   3   0  71   0
  6:   5   0   0   9   1   0 234
--------------------------------
              precision    recall  f1-score   support

           0   0.908759  0.805825  0.854202       309
           1   0.760563  0.800000  0.779783       135
           2   0.874346  0.943503  0.907609       177
           3   0.818182  0.840000  0.828947        75
           4   0.915929  1.000000  0.956120       207
           5   0.771739  0.845238  0.806818        84
           6   1.000000  0.939759  0.968944       249

    accuracy                       0.889159      1236
   macro avg   0.864217  0.882046  0.871775      1236
weighted avg   0.892418  0.889159  0.889154      1236
-----------------------------------------------------
Accuracy Macro Average: 0.882046
