Average: 0.889159
Micro Average: 0.889159
Macro Average: 0.871775
Confusion Matrix:
           0        1        2        3        4        5        6
 0:      249       23        6        2       15       14        0 
 1:       11      108        9        0        0        7        0 
 2:        3        7      167        0        0        0        0 
 3:        0        0        9       63        3        0        0 
 4:        0        0        0        0      207        0        0 
 5:        6        4        0        3        0       71        0 
 6:        5        0        0        9        1        0      234 
