Confusion Matrix:
       0   1   2   3   4   5   6   7   8
  0: 923   3   8   9  10   0   0  43   4
  1:  13 929   1   3   0   2   1  23  28
  2:  44   0 767  58  57  56   6  12   0
  3:  19   2  24 803  40 100   1   8   3
  4:   6   1  10  31 929  13   4   5   1
  5:   2   0   8 126  23 839   1   0   1
  6:  15   0  10  53  95  64 759   3   1
  7:  30   5   1   5   1   2   1 951   4
  8:  16  48   2   8   2   2   2  30 890
----------------------------------------
              precision    recall  f1-score   support

           0   0.864232  0.923000  0.892650      1000
           1   0.940283  0.929000  0.934608      1000
           2   0.922984  0.767000  0.837794      1000
           3   0.732664  0.803000  0.766221      1000
           4   0.802939  0.929000  0.861382      1000
           5   0.778293  0.839000  0.807507      1000
           6   0.979355  0.759000  0.855211      1000
           7   0.884651  0.951000  0.916627      1000
           8   0.954936  0.890000  0.921325      1000

    accuracy                       0.865556      9000
   macro avg   0.873371  0.865556  0.865925      9000
weighted avg   0.873371  0.865556  0.865925      9000
-----------------------------------------------------
Accuracy Macro Average: 0.865556
