Confusion Matrix:
         0    1    2    3    4    5    6    7    8    9
   0: 2380   60   21   20    6   14   41    8    7   47
   1:  167 1993  109   78   17   50   10  139   20   21
   2:   12   21 2248   87   11  130    9   13   21   52
   3:   21   38   81 1565    7  745   34   25   73   15
   4:   64  134  135  175 1861   84   45   15   58   33
   5:    7   24   37  106    5 2347   44   10   19    5
   6:  181   15   28   64   11  227 1894    2  155   27
   7:   22  106  100  124    3   90    6 2135    5   13
   8:   61   36   49  105    3   84  131    7 2095   33
   9:  125   28  120   62    3   76   47   22   51 2070
-------------------------------------------------------
              precision    recall  f1-score   support

           0   0.782895  0.913978  0.843373      2604
           1   0.811813  0.765361  0.787903      2604
           2   0.767760  0.863287  0.812726      2604
           3   0.655909  0.600998  0.627255      2604
           4   0.965750  0.714670  0.821452      2604
           5   0.610086  0.901306  0.727639      2604
           6   0.837682  0.727343  0.778623      2604
           7   0.898569  0.819892  0.857430      2604
           8   0.836661  0.804531  0.820282      2604
           9   0.893782  0.794931  0.841463      2604

    accuracy                       0.790630     26040
   macro avg   0.806091  0.790630  0.791815     26040
weighted avg   0.806091  0.790630  0.791815     26040
-----------------------------------------------------
Accuracy Macro Average: 0.790630
