Confusion Matrix:
         0    1    2    3    4    5    6    7    8    9
   0:  978    0    1    0    0    1    0    0    0    0
   1:    0 1134    0    0    0    0    1    0    0    0
   2:    1    0 1027    1    0    1    2    0    0    0
   3:    0    0    0 1010    0    0    0    0    0    0
   4:    0    0    0    0  978    0    0    0    1    3
   5:    1    0    0    3    0  886    1    0    0    1
   6:    3    2    0    0    0    1  950    0    2    0
   7:    0    2    2    0    1    0    0 1023    0    0
   8:    0    0    2    1    0    1    0    0  969    1
   9:    0    0    2    1    4    0    0    1    0 1001
-------------------------------------------------------
              precision    recall  f1-score   support

           0   0.994914  0.997959  0.996434       980
           1   0.996485  0.999119  0.997800      1135
           2   0.993230  0.995155  0.994192      1032
           3   0.994094  1.000000  0.997038      1010
           4   0.994914  0.995927  0.995420       982
           5   0.995506  0.993274  0.994388       892
           6   0.995807  0.991649  0.993724       958
           7   0.999023  0.995136  0.997076      1028
           8   0.996914  0.994867  0.995889       974
           9   0.995030  0.992071  0.993548      1009

    accuracy                       0.995600     10000
   macro avg   0.995592  0.995516  0.995551     10000
weighted avg   0.995603  0.995600  0.995599     10000
-----------------------------------------------------
Accuracy Macro Average: 0.995516
