Confusion Matrix:
         0    1    2    3    4    5    6    7    8    9
   0: 2388   66   16   15   13    3   41    7    5   50
   1:   11 2501   25   10   17    2    5   27    3    3
   2:    6   19 2473   18   23   15    3   17    6   24
   3:    5   43   47 2334   18   76   24   19   24   14
   4:    3   73   31   13 2444    2   14    3    6   15
   5:    1   21   33   94   15 2377   34   16    6    7
   6:   29   28   15   41   27   67 2308    3   70   16
   7:    6   91   48   16    7   11    5 2416    2    2
   8:    7   31   39   65   19   16   84    5 2306   32
   9:   48   33   84   40   21   24   18   13   29 2294
-------------------------------------------------------
              precision    recall  f1-score   support

           0   0.953674  0.917051  0.935004      2604
           1   0.860633  0.960445  0.907804      2604
           2   0.879758  0.949693  0.913389      2604
           3   0.882086  0.896313  0.889143      2604
           4   0.938556  0.938556  0.938556      2604
           5   0.916699  0.912826  0.914759      2604
           6   0.910095  0.886329  0.898054      2604
           7   0.956453  0.927803  0.941910      2604
           8   0.938543  0.885561  0.911282      2604
           9   0.933659  0.880952  0.906540      2604

    accuracy                       0.915553     26040
   macro avg   0.917016  0.915553  0.915644     26040
weighted avg   0.917016  0.915553  0.915644     26040
-----------------------------------------------------
Accuracy Macro Average: 0.915553
