Confusion Matrix:
        0   1   2   3   4   5   6   7   8   9  10  11  12  13  14  15  16  17  18  19  20  21  22  23  24  25  26  27  28  29
   0:  15   0   0   0   0   0   0   0   0   0   0   0   0   0   0   0   0   0   0   0   0   0   0   0   0   0   0   0   0   0
   1:   1 141   0   0   0   0   0   0   0   0   0   0   0   0   0   0   0   0   0   0   0   0   0   0   0   0   0   0   0   0
   2:   0   0 231   0   0   0   0   0   0   0   0   0   0   0   0   0   0   0   0   0   0   0   0   0   0   0   0   0   0   0
   3:   0   0   0 503   0   0   0   0   0   0   0   0   0   0   0   0   0   0   0   0   0   1   0   0   0   0   0   0   0   0
   4:   0   0   0   0  87   0   0   0   0   0   0   0   0   0   0   0   0   0   0   0   0   0   0   0   0   0   0   0   0   0
   5:   0   0   0   0   0  16   0   0   0   0   0   0   0   0   0   0   0   0   0   0   0   0   0   0   0   0   0   0   0   0
   6:   0   0   0   0   2   0 495   0   0   0   0   0   0   0   0   0   0   0   0   0   0   0   0   0   0   0   0   0   0   0
   7:   0   0   0   0   0   0   0  16   0   0   0   0   0   0   0   0   0   0   0   0   0   0   0   0   0   0   0   0   0   0
   8:   0   0   0   0   0   0   0   0  32   1   0   0   0   0   0   0   0   0   0   0   0   0   0   0   0   0   0   0   0   0
   9:   0   0   0   0   0   0   0   0   5  98   0   0   0   0   0   0   0   0   0   0   0   0   0   0   0   0   0   0   0   0
  10:   0   0   0   0   0   0   0   0   0   0 118   0   0   0   0   0   0   0   0   0   0   0   0   0   0   0   0   0   0   0
  11:   0   0   0   0   0   0   0   0   0   0   0  43   0   0   0   0   0   0   0   0   0   0   0   0   0   0   0   0   0   0
  12:   0   0   0   0   0   0   0   0   0   0   0   0  17   0   0   0   0   0   0   0   0   0   0   0   0   0   0   0   0   0
  13:   0   0   0   0   0   0   0   0   0   0   0   0   1 203   0   0   1   0   0   0   0   0   0   0   0   0   0   0   0   0
  14:   0   0   0   0   0   0   0   0   0   0   0   0   0   1 442   0   1   0   0   1   0   0   0   0   0   0   0   0   0   0
  15:   0   0   0   0   0   1   0   0   0   0   0   0   0   0   1 201   0   0   0   0   0   0   0   0   0   0   0   0   0   0
  16:   0   0   0   0   0   0   0   0   0   0   0   0   0   1   0   1 337   0   0   0   1   0   0   0   0   0   0   0   0   0
  17:   0   0   0   0   0   0   0   0   0   0   0   0   0   1   0   0   3 269   1   0   0   0   0   0   0   0   0   0   0   0
  18:   0   0   0   0   0   0   0   0   0   0   0   0   0   0   0   0   0   0  43   0   0   0   0   0   0   0   0   0   0   0
  19:   0   0   0   0   0   1   0   0   0   0   0   0   0   0   0   0   1   0   0 272   0   0   0   0   0   0   0   0   0   0
  20:   0   0   0   0   0   0   0   0   0   0   0   0   0   0   0   0   0   0   0   0 962   2   0   0   0   0   0   0   0   0
  21:   0   0   0   0   0   0   1   0   0   0   0   0   0   0   0   0   0   0   0   0   0 657   0   0   0   0   0   0   0   0
  22:   0   0   0   0   0   0   0   0   0   0   0   0   0   0   0   0   0   0   0   0   0   0  13   0   0   0   0   0   0   0
  23:   0   0   0   0   0   0   0   0   0   0   0   0   0   0   0   0   0   0   0   0   0   0   0   9   0   0   0   0   0   0
  24:   0   0   0   0   0   0   0   0   0   0   0   0   0   0   0   0   0   0   0   0   0   0   0   4  10   0   0   0   0   0
  25:   0   0   0   0   0   0   0   0   0   0   0   0   0   0   0   0   0   0   0   0   0   0   0   0   0  19   0   0   0   1
  26:   0   0   0   0   0   0   0   0   0   0   0   0   0   0   0   0   0   0   0   0   0   0   0   0   0   0   1   0   0   0
  27:   0   0   0   0   0   0   0   0   0   0   0   0   0   0   0   0   0   0   0   0   0   0   0   0   0   2   0  58   0   0
  28:   0   0   0   0   0   0   0   0   0   0   0   0   0   0   0   0   0   0   0   0   0   0   0   0   0   0   0   0 122   0
  29:   0   0   0   0   0   0   0   0   0   0   0   0   0   0   0   0   0   0   0   0   0   0   0   0   0   0   0   0   0  14
-----------------------------------------------------------------------------------------------------------------------------
              precision    recall  f1-score   support

           0   0.937500  1.000000  0.967742        15
           1   1.000000  0.992958  0.996466       142
           2   1.000000  1.000000  1.000000       231
           3   1.000000  0.998016  0.999007       504
           4   0.977528  1.000000  0.988636        87
           5   0.888889  1.000000  0.941176        16
           6   0.997984  0.995976  0.996979       497
           7   1.000000  1.000000  1.000000        16
           8   0.864865  0.969697  0.914286        33
           9   0.989899  0.951456  0.970297       103
          10   1.000000  1.000000  1.000000       118
          11   1.000000  1.000000  1.000000        43
          12   0.944444  1.000000  0.971429        17
          13   0.985437  0.990244  0.987835       205
          14   0.997743  0.993258  0.995495       445
          15   0.995050  0.990148  0.992593       203
          16   0.982507  0.991176  0.986823       340
          17   1.000000  0.981752  0.990792       274
          18   0.977273  1.000000  0.988506        43
          19   0.996337  0.992701  0.994516       274
          20   0.998962  0.997925  0.998443       964
          21   0.995455  0.998480  0.996965       658
          22   1.000000  1.000000  1.000000        13
          23   0.692308  1.000000  0.818182         9
          24   1.000000  0.714286  0.833333        14
          25   0.904762  0.950000  0.926829        20
          26   1.000000  1.000000  1.000000         1
          27   1.000000  0.966667  0.983051        60
          28   1.000000  1.000000  1.000000       122
          29   0.933333  1.000000  0.965517        14

    accuracy                       0.993249      5481
   macro avg   0.968676  0.982491  0.973497      5481
weighted avg   0.993680  0.993249  0.993300      5481
-----------------------------------------------------
Accuracy Macro Average: 0.982491
