Confusion Matrix:
         0    1    2    3    4    5    6    7    8    9
   0: 2398   56   16   17   11    2   42    7    7   48
   1:   17 2495   24   13   13    2    7   26    4    3
   2:    4   18 2473   26   20   19    4   13    5   22
   3:    5   42   46 2352   17   71   20   14   22   15
   4:    4   75   33   16 2437    4   12    3    8   12
   5:    1   19   34   90   14 2391   32   12    6    5
   6:   35   29   14   49   21   71 2297    2   68   18
   7:    7   90   48   24    6   14    3 2408    2    2
   8:    9   32   34   77   17   17   89    5 2291   33
   9:   50   29   90   40   20   27   16   13   26 2293
-------------------------------------------------------
              precision    recall  f1-score   support

           0   0.947826  0.920891  0.934164      2604
           1   0.864818  0.958141  0.909091      2604
           2   0.879445  0.949693  0.913220      2604
           3   0.869822  0.903226  0.886209      2604
           4   0.946040  0.935868  0.940927      2604
           5   0.913293  0.918203  0.915741      2604
           6   0.910785  0.882104  0.896215      2604
           7   0.962046  0.924731  0.943019      2604
           8   0.939319  0.879800  0.908586      2604
           9   0.935537  0.880568  0.907221      2604

    accuracy                       0.915323     26040
   macro avg   0.916893  0.915323  0.915439     26040
weighted avg   0.916893  0.915323  0.915439     26040
-----------------------------------------------------
Accuracy Macro Average: 0.915323
