Confusion Matrix:
        0   1   2   3   4   5   6   7   8   9  10  11  12  13  14  15  16  17  18  19  20  21  22  23  24  25  26  27  28  29
   0:  15   0   0   0   0   0   0   0   0   0   0   0   0   0   0   0   0   0   0   0   0   0   0   0   0   0   0   0   0   0
   1:   1 126   1   3   0   7   0   0   0   0   0   0   0   0   0   0   0   0   0   0   3   0   1   0   0   0   0   0   0   0
   2:   0   0 218   7   1   3   0   0   0   0   0   0   0   0   0   0   0   0   0   1   1   0   0   0   0   0   0   0   0   0
   3:   6   0   0 485   0   5   0   1   0   0   0   0   0   0   0   0   0   0   0   0   3   0   0   0   2   1   0   0   1   0
   4:   0   0   1   0  84   1   0   0   1   0   0   0   0   0   0   0   0   0   0   0   0   0   0   0   0   0   0   0   0   0
   5:   0   0   0   0   1  15   0   0   0   0   0   0   0   0   0   0   0   0   0   0   0   0   0   0   0   0   0   0   0   0
   6:   0   0   5   0 114  54 280   3   0  26   6   0   0   0   0   0   1   0   0   7   0   0   1   0   0   0   0   0   0   0
   7:   0   0   0   0   0   0   0  16   0   0   0   0   0   0   0   0   0   0   0   0   0   0   0   0   0   0   0   0   0   0
   8:   0   0   0   0   0   0   0   0  32   1   0   0   0   0   0   0   0   0   0   0   0   0   0   0   0   0   0   0   0   0
   9:   0   0   0   0   0   0   0   0   5  98   0   0   0   0   0   0   0   0   0   0   0   0   0   0   0   0   0   0   0   0
  10:   0   0   0   0   0   0   0   0   1   0 116   0   0   0   1   0   0   0   0   0   0   0   0   0   0   0   0   0   0   0
  11:   0   0   0   0   0   1   0   0   0   0   0  42   0   0   0   0   0   0   0   0   0   0   0   0   0   0   0   0   0   0
  12:   0   0   0   0   0   0   0   0   0   0   0   0  17   0   0   0   0   0   0   0   0   0   0   0   0   0   0   0   0   0
  13:   0   0   0   0   0   4   0   0   0   3   0   0   1 193   0   1   0   0   2   1   0   0   0   0   0   0   0   0   0   0
  14:   1   0   0   0   0   8   0   2   0   0   0   0   0   0 423   0   0   0   1   8   0   0   0   0   1   0   0   0   1   0
  15:   0   0   0   0   1   6   0   0   0   8   0   0   0   0   1 187   0   0   0   0   0   0   0   0   0   0   0   0   0   0
  16:   3   0   3   0   2  12   1   0   0   3   0   0   0  16   0   1 293   1   1   4   0   0   0   0   0   0   0   0   0   0
  17:   0   0   1   0   1   1   0   0   0   1   0   0   0   0   3   0   4 248   1  14   0   0   0   0   0   0   0   0   0   0
  18:   0   0   0   0   0   2   0   0   1   0   0   0   0   0   0   0   0   0  40   0   0   0   0   0   0   0   0   0   0   0
  19:   0   0   0   0   1   1   0   0   0   0   1   0   0   1   2   0   8   3   0 257   0   0   0   0   0   0   0   0   0   0
  20:   0   0   1   3   0  22  12   0   0   0   0   0   0   0   0   0   0   0   0   0 906  17   1   0   0   2   0   0   0   0
  21:   0   0   1   1   0   1  20   0   0   0   0   0   0   0   0   0   0   0   0   0   0 633   2   0   0   0   0   0   0   0
  22:   0   0   0   0   0   2   0   0   0   0   0   0   0   0   0   0   0   0   0   0   0   0  11   0   0   0   0   0   0   0
  23:   0   0   0   0   0   0   0   0   0   0   0   0   0   0   0   0   0   0   0   0   0   0   0   7   2   0   0   0   0   0
  24:   0   0   0   0   0   1   0   0   0   0   0   0   0   0   0   0   0   0   0   0   0   0   1   4   8   0   0   0   0   0
  25:   0   0   0   0   0   0   0   0   0   0   0   0   0   0   0   0   0   0   0   1   0   0   0   0   1  18   0   0   0   0
  26:   0   0   0   0   0   0   0   0   0   0   0   0   0   0   0   0   0   0   0   0   0   0   0   0   0   0   1   0   0   0
  27:   0   0   0   0   0   1   0   0   0   0   0   0   0   0   0   0   0   0   0   0   0   0   0   0   5   8   0  46   0   0
  28:   0   0   0   0   0   0   0   0   0   0   0   0   0   0   0   0   0   0   0   0   0   0   3   1  11   0   0   0 106   1
  29:   0   0   0   0   0   1   1   0   0   0   0   0   0   0   0   0   0   0   0   0   0   0   0   0   5   0   0   0   0   7
-----------------------------------------------------------------------------------------------------------------------------
              precision    recall  f1-score   support

           0   0.576923  1.000000  0.731707        15
           1   1.000000  0.887324  0.940299       142
           2   0.943723  0.943723  0.943723       231
           3   0.971944  0.962302  0.967099       504
           4   0.409756  0.965517  0.575342        87
           5   0.101351  0.937500  0.182927        16
           6   0.891720  0.563380  0.690506       497
           7   0.727273  1.000000  0.842105        16
           8   0.800000  0.969697  0.876712        33
           9   0.700000  0.951456  0.806584       103
          10   0.943089  0.983051  0.962656       118
          11   1.000000  0.976744  0.988235        43
          12   0.944444  1.000000  0.971429        17
          13   0.919048  0.941463  0.930120       205
          14   0.983721  0.950562  0.966857       445
          15   0.989418  0.921182  0.954082       203
          16   0.957516  0.861765  0.907121       340
          17   0.984127  0.905109  0.942966       274
          18   0.888889  0.930233  0.909091        43
          19   0.877133  0.937956  0.906526       274
          20   0.992333  0.939834  0.965370       964
          21   0.973846  0.962006  0.967890       658
          22   0.550000  0.846154  0.666667        13
          23   0.583333  0.777778  0.666667         9
          24   0.228571  0.571429  0.326531        14
          25   0.620690  0.900000  0.734694        20
          26   1.000000  1.000000  1.000000         1
          27   1.000000  0.766667  0.867925        60
          28   0.981481  0.868852  0.921739       122
          29   0.875000  0.500000  0.636364        14

    accuracy                       0.899106      5481
   macro avg   0.813844  0.890723  0.824998      5481
weighted avg   0.937534  0.899106  0.910217      5481
-----------------------------------------------------
Accuracy Macro Average: 0.890723
