Average: 0.869741
Micro Average: 0.869741
Macro Average: 0.832551
Confusion Matrix:
           0        1        2        3        4        5        6
 0:      259       17        0        9        2       20        2 
 1:       10      110        3        0        0       12        0 
 2:        6       28      143        0        0        0        0 
 3:        0        0       14       47        8        6        0 
 4:        0        0        0        0      207        0        0 
 5:        6        9        0        0        0       69        0 
 6:        5        0        0        4        0        0      240 
