Confusion Matrix:
       0   1   2   3   4   5   6
  0: 259  17   0   9   2  20   2
  1:  10 110   3   0   0  12   0
  2:   6  28 143   0   0   0   0
  3:   0   0  14  47   8   6   0
  4:   0   0   0   0 207   0   0
  5:   6   9   0   0   0  69   0
  6:   5   0   0   4   0   0 240
--------------------------------
              precision    recall  f1-score   support

           0   0.905594  0.838188  0.870588       309
           1   0.670732  0.814815  0.735786       135
           2   0.893750  0.807910  0.848665       177
           3   0.783333  0.626667  0.696296        75
           4   0.953917  1.000000  0.976415       207
           5   0.644860  0.821429  0.722513        84
           6   0.991736  0.963855  0.977597       249

    accuracy                       0.869741      1236
   macro avg   0.834846  0.838980  0.832551      1236
weighted avg   0.878554  0.869741  0.871367      1236
-----------------------------------------------------
Accuracy Macro Average: 0.838980
