Average: 0.526699
Micro Average: 0.526699
Macro Average: 0.337693
Confusion Matrix:
           0        1        2        3        4        5        6
 0:      208       57        0        0       44        0        0 
 1:       76       23        0        0       36        0        0 
 2:       88       26        0        0       63        0        0 
 3:       43        3        0        0       29        0        0 
 4:        0       11        0        0      196        0        0 
 5:       59       13        0        0        9        3        0 
 6:        9       15        0        0        4        0      221 
