Confusion Matrix:
       0   1   2   3   4   5   6
  0: 208  57   0   0  44   0   0
  1:  76  23   0   0  36   0   0
  2:  88  26   0   0  63   0   0
  3:  43   3   0   0  29   0   0
  4:   0  11   0   0 196   0   0
  5:  59  13   0   0   9   3   0
  6:   9  15   0   0   4   0 221
--------------------------------
              precision    recall  f1-score   support

           0   0.430642  0.673139  0.525253       309
           1   0.155405  0.170370  0.162544       135
           2   0.000000  0.000000  0.000000       177
           3   0.000000  0.000000  0.000000        75
           4   0.514436  0.946860  0.666667       207
           5   1.000000  0.035714  0.068966        84
           6   1.000000  0.887550  0.940426       249

    accuracy                       0.526699      1236
   macro avg   0.442926  0.387662  0.337693      1236
weighted avg   0.480207  0.526699  0.454859      1236
-----------------------------------------------------
Accuracy Macro Average: 0.387662
