Confusion Matrix:
       0   1   2   3   4   5   6   7   8
  0: 901   4  27   8   1   0   5  39  15
  1:   5 902   0   0   0   0   2  10  81
  2:  22   0 875  27  35  23   7   6   5
  3:  13   2  19 807  28  93  21   8   9
  4:   5   0  14  13 921  10  28   7   2
  5:   2   0  13 103  20 836  21   2   3
  6:   9   0   7  12  17  24 929   1   1
  7:  28   6   2   2   0   0   0 948  14
  8:   7  12   1   1   0   0   1  13 965
----------------------------------------
              precision    recall  f1-score   support

           0   0.908266  0.901000  0.904618      1000
           1   0.974082  0.902000  0.936656      1000
           2   0.913361  0.875000  0.893769      1000
           3   0.829394  0.807000  0.818044      1000
           4   0.901174  0.921000  0.910979      1000
           5   0.847870  0.836000  0.841893      1000
           6   0.916174  0.929000  0.922542      1000
           7   0.916828  0.948000  0.932153      1000
           8   0.881279  0.965000  0.921241      1000

    accuracy                       0.898222      9000
   macro avg   0.898714  0.898222  0.897989      9000
weighted avg   0.898714  0.898222  0.897989      9000
-----------------------------------------------------
Accuracy Macro Average: 0.898222
