Confusion Matrix:
         0    1    2    3    4    5    6    7    8    9
   0: 2369   80   17   18   11    2   37    8    9   53
   1:   14 2499   20   10   21    2    5   27    5    1
   2:    7   19 2460   20   21   15    5   24    7   26
   3:    6   49   55 2297   22   97   20   18   24   16
   4:    6   91   29   14 2422    8   13    2    6   13
   5:    2   22   33   95   16 2362   40   17   10    7
   6:   39   29   12   47   31   72 2288    2   68   16
   7:    5  100   57   18    6   12    4 2396    2    4
   8:    9   48   40   73   20   18  104    4 2258   30
   9:   57   33   92   41   25   23   18   14   26 2275
-------------------------------------------------------
              precision    recall  f1-score   support

           0   0.942323  0.909754  0.925752      2604
           1   0.841414  0.959677  0.896663      2604
           2   0.873890  0.944700  0.907917      2604
           3   0.872389  0.882104  0.877220      2604
           4   0.933333  0.930108  0.931718      2604
           5   0.904634  0.907066  0.905849      2604
           6   0.902920  0.878648  0.890619      2604
           7   0.953822  0.920123  0.936669      2604
           8   0.934990  0.867127  0.899781      2604
           9   0.931995  0.873656  0.901883      2604

    accuracy                       0.907296     26040
   macro avg   0.909171  0.907296  0.907407     26040
weighted avg   0.909171  0.907296  0.907407     26040
-----------------------------------------------------
Accuracy Macro Average: 0.907296
