Confusion Matrix:
       0   1   2   3   4   5   6   7   8
  0: 951   3  10   4   1   0   0  26   5
  1:   4 964   0   0   0   0   0   5  27
  2:  11   0 925  18  26  10   5   5   0
  3:   5   1  22 872  20  59  12   6   3
  4:   1   0   7  12 955   7  17   1   0
  5:   3   2   7  61  14 903  10   0   0
  6:   7   0   8  11  14  10 950   0   0
  7:  13   3   2   0   1   1   0 973   7
  8:   5  20   1   0   0   0   0  13 961
----------------------------------------
              precision    recall  f1-score   support

           0   0.951000  0.951000  0.951000      1000
           1   0.970796  0.964000  0.967386      1000
           2   0.941955  0.925000  0.933401      1000
           3   0.891616  0.872000  0.881699      1000
           4   0.926285  0.955000  0.940423      1000
           5   0.912121  0.903000  0.907538      1000
           6   0.955734  0.950000  0.952859      1000
           7   0.945578  0.973000  0.959093      1000
           8   0.958126  0.961000  0.959561      1000

    accuracy                       0.939333      9000
   macro avg   0.939246  0.939333  0.939218      9000
weighted avg   0.939246  0.939333  0.939218      9000
-----------------------------------------------------
Accuracy Macro Average: 0.939333
