Confusion Matrix:
         0    1    2    3    4    5    6    7    8    9
   0: 2435   32   16   22    2    5   35   11    2   44
   1:  163 2219   37   32    4    5    9  120    2   13
   2:   14   21 2293   71   12   63   11   43   11   65
   3:   26   28   71 1987    5  257   50   54   86   40
   4:   66  126   80  113 2052   20   48   14   25   60
   5:    7   18   37   85    3 2336   66   20   14   18
   6:  143   21   13   74    1   91 2162    6   70   23
   7:   23   86   42   54    3   36    4 2349    0    7
   8:  116   31   33   98    4   33  173   17 2031   68
   9:  189   24   71   43    4   33   24   31   21 2164
-------------------------------------------------------
              precision    recall  f1-score   support

           0   0.765242  0.935100  0.841687      2604
           1   0.851497  0.852151  0.851823      2604
           2   0.851467  0.880568  0.865773      2604
           3   0.770454  0.763057  0.766737      2604
           4   0.981818  0.788018  0.874308      2604
           5   0.811393  0.897081  0.852088      2604
           6   0.837335  0.830261  0.833783      2604
           7   0.881426  0.902074  0.891630      2604
           8   0.897878  0.779954  0.834772      2604
           9   0.864908  0.831029  0.847630      2604

    accuracy                       0.845929     26040
   macro avg   0.851342  0.845929  0.846023     26040
weighted avg   0.851342  0.845929  0.846023     26040
-----------------------------------------------------
Accuracy Macro Average: 0.845929
