Average: 0.329634
Micro Average: 0.329634
Macro Average: 0.296588
Confusion Matrix:
           0        1        2        3        4        5        6        7        8        9       10       11       12       13       14       15       16       17       18       19       20       21       22       23       24       25       26       27       28       29       30       31       32       33       34       35       36       37       38       39       40       41       42       43       44       45       46       47       48       49       50       51       52       53       54       55       56       57       58       59       60       61       62       63       64       65       66       67       68       69       70       71       72       73       74       75       76       77       78       79       80       81       82       83       84       85       86       87       88       89       90       91       92       93       94       95       96       97       98       99      100
 0:     3351     3284        0        0        0        0        0        0        0        0        0        0      156        2        0        0        0        0        0      393        0        0        0        0        0        0        0        0        0        0        0        0        0        0        0        0        0        0        0        0        0        0        0        0        0        0        1        0        0        0        0        0        0        0        0        0        0        0        0        5        0       48        0        0        0        5        0        0        0        0        0        0        0        0        0        0        0        6        0       58        0        0        2        0        0        0        0        0        0        0        0        0        0        0        0        0        0        0        0        0        0 
 1:       48     4169        0        0        0        0        0        0        0        0        0        0        0       55        0        0        0      479        0      563        0        0        0        0        0        0        0        0        0        0        0        0        0        0        0        0        0        0        0        0        0        0        0        0        0        0        0        0        0        0        0        0        0        0        0        0        0        0        0        0        0        0        0        0        0        0        0        0        0        0        0        0        0        0        0        0        0      909        0        0        0        0        0        0        0        0        0        0        0        0        0        0        0        0        0        0        0        0        0        0        0 
 2:        0        3      276        0       19        0        3      263        0        0      222        0        0       60       43       44      635      142        0       14        0      172       16       83        0        9       13        0        0        0       67        0      505        0        0        0        0        0        0        0        0      232       31        4        0      113       13       14       10        0        0        2        0        0        0        0        0      117       93       30        3      313        0        0        0       41       56        0        0        0      120        0       12        0       27       85        1        0        5        0        0        0        0      169        0       26        0        0      909      187        2        0        5      249        0        3      634       19        0        0        0 
 3:        0      192      249     1803        0        0        0        0        0        0      152        0       19        4        0        0       11       47       11       15        0        9        3        0     1264        0        0        1        0        0        0        0        0       20        0        0      241        0       36        1        8        0        0        0      186      440        1       29       23        0        0      232        0        0      102       90        0        4        0      150        0        0        0        0        0        1        0        0        0        0        2        3      274        0       15        0      122       33        0       71       36        0        0        0        7       15        1        0        0      228      157        0        0        0        0        0        0        8        0        4        0 
 4:        0        0        0        0      906        3        0        0        0        0        0        0        0        0        0        0        0        0        0        0        0        0        0        0        0      517        0      262        0      159        0        0        0        0        0        0        0        0        0        0        8        0        0        0        0        0        0        0        0        0       21        0        0        0        0        0      148        0        0        0        0        0        0        1        0        0        1       75        0        0       57        0        0        0        0        0        0        0        0        0        0        0        0        0        0        1       74        0        0        0        0        2        0        0        0     1313        0        5        0        0       30 
 5:        0        0        0        0        1     2550        0      205        0        0       10        0       82        0        1        0        9        0        0        0        0        0        0        0        0        4        8        0        0        0      433        0        0        0        0        0        0      482        7        0      185        9        0        4        0        0       28        0        0        0        0        0      634        0        0        0       16        0        0       94        0       28        0        0        0       33        0        0        4        0      307        0       20        0        0        0       27        0        3       25        0        0        5        0        0        0     1287        0        0       16        0        0        0      103        0      676        0        0        0        0        0 
 6:        0        4        3        1        0        0      484        0        0        0        0        0        0        0        0        0        0        0        0        0        0        0      338      441        0        0        0      368        0        0       10        0       15        0        0        0        0        0        0      406        4      369        0       13        0        0        0        0        0        0        0        0        0        0        0        0        0        0        0        0        0        0        0        0        0        0        0      114        0        0        0        0        0        0        0        0        0        0      651        0        0        0        0        0      746        0        0        0       19        0        0        1        0        0        0        0        0        0        0        0       16 
 7:        0        0        6        0        4        0        0     1439      111        0        0        0        0        0        3        0        0        0        0        0        2      338      705        0        0        5        1        0       17      110        0        0       80        0        0        0        0      454        0        0       39        1        0        0       38       10       16      130        3        0        0        2        0        0       30        0        0        2        0        0        0        0        0        0        0        0        0        0        0        0        0        0        0        0        0        0        2        0        0       10        0        0        0       24        0      132        0        0        1      167       11        3        0        2        0        0       19        0        0        6        0 
 8:        0        0        8        0       47        0        0        0     1301        0        0        0        0        0        0        0        0        0        0        0        0        0        0        0        0        0        0       97        0        0        0        0        0        0        0        0        0        0        0        0        0        0        0        0      101        0        0        0        0        0        0        0        9        0        0        0      149        0        0        0        0        0        0       23        0        0        0       24      108        0        7        0       94        0        0        0        0        0        3        0        7        0        0        0        0        0      127        0        0        0        0        0        0        0        5       24        0        0        0        0        0 
 9:        0        0       56        0      425       14        0        0      134       22        7        0       26        0        0       20       32     2738        0        0        1        0        0        0        0        0       27        0        0        0        0        0        0        0        0        0        0        0        1        0        0        0        0        0      320        0      510        0        0        0        0        0        0        0        0        0        0        0        2        0        0        0        0        0        0       11        0        0      484        0        4        0        0        0      363        0      118        0        0        0        0        0        0        0        0        0        0        0        0        0        0        0        0        0        0        0        0        0        0        0        0 
10:        0        0       54       22       43        4        0     1100        0        0     3836        0        0        0        0        0       10        0        0        0       24      114       72        0        0        0        0       46       38       90       40        0       33        0        0        0        0      151        0       25      160       59        0        9      176        0       51        0      300        0        4        6        0        0       13        0       23       52        0       48        0      106        0        0        0       12        0        0        4        0       11        0        6        0       10      247        0        0       40      939        4        0        2      302        0        6        0        1      266       64       19        2       46       32        0       54        0      167        0        0        3 
11:        0        0        0        0      441        0        0        0        0        0        0    12177        0        0        0       71        0        0        0        0        0        0        0        0        0        0        0       25        0        0        0        0        0        0        0        0        0        0        0        0        0        0        0        0        0        0        0        0        0        0        0        0        0        0        0        0        0        0        0        0        0        0        0        0        0        0        0        0        0        0        0        0        0        0        0        0        0        0        0        0        0        0        0        0        0        0        0        0        0        0        0        0        0        0        0        0        0        0        0        0        0 
12:      174      643        7      101        3        0        0        0        1        0        0        0     1261      103        0        0       13        5        6      779       17        6        0        5       66        0        0        0        0        0        0        0        0      626        0        0        0        0        0        4        0        0      112      203        4        0        8        0        0       30        0      162        0        0       10       33        0        2       12        3        0      210       92       71        0      103       12        0        0        0       84       68        2        0        0        0        1      449        0        0        0        0      255        0        0        0        0        0        0        4        0        0        0        0        0        0        0        0        0        0        0 
13:        0       65        0        1       93        0        0        0        0        0        0        0        0      531        0        0        0        0       59        0        0       15        0        0        0        0       97        0        0        2        0        0        0        0        0        0        0        0        8        0        0        0        0        0        0       63       11        0        0        2        0        7        0        0       11      142        0        0      121      113      280        0        0        0        0      871        5        0        0        0       98        0        0        0        0        0        0        0        5        0        0        0        0        0        0        0      354        0        0        0        0        0        0       37        0        0        0        0        0        0        0 
14:        0        0        0        3        0        0        0        0        0        0      252        0        0        4      153       24       44        3        0        0       21      104        0        2        0        0      141        0        0        0        0        0        0        1        0        0        9        0        0        0        0        0       28       53        0      137       10      150        0        0        0       88        0        0        0        0        0        3        0        0        0       71        0        0        0       20      305        0        7       89       86        0        0        0       52        0     1131        0        0        1        0        0        0        0        0        6        3        0        0        3      683        0        0        0        6        0        0        0        0        3        0 
15:        0        0        0       33       21        0        0        0        0        0        0        0       56        0        0     4772       35        0        0        0        0        0        0        0        0       12        0        0        0        0        0        0        0        0        0        0        0        0        0        0        0        0        0        0       73        0       47       97        0        0       92        0        0        0       67        0        0        0        0        1        0        0        0        0        0        0        1        0        0        0        4        0        0        0        0        0       91        0        2       21        0        0        0        0        0        0        0        0        0       28        0        0        0        0        0        0        6        0        9        0        0 
16:        0        0        0        0     1509        0        0        0        0        6        0        1      350        0        1        1     1779     3540        3        0        0       33        2        0        0        0       25       47        0        0        0        0        7        0        0        0        0        0        0        0        0        0        0        1       11      969        6        0        0        0        0       50       84        0        0        0        0      910        0        0        0        0        0        0        0       30        0        0       10        0       99        0        0        0      320        0        0        3        0        0        0        0        0        1        0        0        0        0        0        0        0        0        0        9        0        0        0        0       56        0        0 
17:      133       95        9      362        2        0        0        0        0        0        0        0        0        2        0        0        1     1984        0      586        0      177        0        0      485        0        0        0        0       14        0        0        0       79        0        0        0        0        0        0        0        0        0        0       13        0       68        0       47       60        0       65        0        0       25        0        0       86        0      111        0       19        0        0        0       37      446        0        0        0      189        0     2510        0        0        0        2      561        0       20        0        0       41        0        0        0        0        0       13       14        0        0        0       38       19        0        0       33        0        0        0 
18:        0        0        0        0        0        0        0        0        0        0        0        0        0        0        0        0        0        0     3513        0        0        0        0        0        0      623        0       29        0        2        0      140        0        0        0        0        0        0        0        0       16        0        0        0        0        0        0        0       14        0       31        0        0        0        0        0        0        0        0        0        0        0        0        0        0        0        0       39        0        0        0        0        0        0        0        0        0        0        0        0      277        1        0        0        0        0        0      396        0        0        0        0        0        0        0        5       12        0        0        0        0 
19:        2     2305        0      590        0        0        0        0        0        0        0        0        0       80        0        0        0        0        0     5442        0        0        0        0      118        0        0        0        0        0        0        0        0       78        0        0        0        0        0        0        0        0        0        0        4       19        0        0        0      296        0        0        0        0        0        0        0        0        0        0        0      127        0        0        0        7       63        0        0        0        0        0        5        0        0        0        0      940        0        3        0        0        5        0        0        0        0        0        0        0        0        0        0        0       11        0        0        0        0        0        0 
20:        0        2        0        0      109        0        0        0        0        8        0        1        0        0        0        0      158       23        0        0     3366        0      900        0        0        0       28      100        2      190        0        0       40        0        0        0        0        0        0        0        3        0        0        8        7        0        0      137        0        0      462        0        0        0        0        0        0        9        0        0        0        0        0        0        0        0      141        0        5        0       62        0        0        0        1        0        0        0        0      103        0        0        0        0       14       74        0        0        0        2        0        0      267        0        0        7      139        0        0        0       10 
21:        0       15        0       38        0       14        0        0        0        0       28        0        3        0        0        0        0       36      149        0        0     1272        2        3        0        4        0        0        0       38        0        3        0        0        3        7       36       49        0       16        9       14        0        0      146        0        0        0      212        0        3        5        0        0       18        1        0       12        0        1        0        0        0        0        0        1        0        0        0        0        0        5       51        0        6        3       42        0        0       52       30       30       27       48        1        0      272      116        6        0        2       17       43      338        0       16        1       31        0        0       24 
22:        0        0        0        0        0        0        0       10        0        0        0        0        0        0        9        0      193        0        7        0        3      154      517      699        0       20        0        0        1       44        0        0        0        0        0        0        0       95        0        7       18        0        0       29        0        2        0       89        0        0       21        0        0        0       10        0        0        4        0        0        0        0        0        0        0        0       37        0        0        0        0        0      214        0      359        0       56        0        0      246      347        0        8        0      117        0        0       21        0       17       28      127       10        0        0        1      382       42        0       26        4 
23:        0        0       10        0        0        1      323        0        0        0      234        0        0        5        0       78        3        0        0        0        0       60      758      456        0        0        0        0      315      173        0        0      190        0        0       59        0       23        0       22        0       67        0        0       47        0      628        1       75        0       32        3        0        0       15        0        0        0        0        0        0        0        0        0        0        0        0        0        0        0        0        0        0        0        0        0        0        0       88        2        0        0        0       27      544        2        7        0      311        0        1       18        0        0        0        0        0      187       16        0        0 
24:        0        0        0      317        0        0        0        0        0        0        0        0        0      294        0        0        0        0        8        1        0        6        0        0     3522        0        0        0        0        0        0        0        0        5        0        0        0        0        0       56        0        0        0        0       57        0        0        0        0      263        0        2        0       36      130        0        0        0        0       50        0        0        0        0        0        0        7      106        0        0        0        0      768        0        0        0        0        0        0      171        2        0        0        0        0        1        0        0        0        0        0        0        0        0       57        0        0        8        0        0        0 
25:        0        0        0        0      106        0        0       29        0        0       72        0        0        0        0        0        0       12      189        0        0       31       53        0        0     5639        7        1       25        0        0        1      164        0        0        0        0      110        0       22        0        0        0        0        0       11        0        0      370        0        0        0        0        0        0        0        0       12        0        0        0        0        0        0        0        0        0        0        0        0        0        0        0        0        0        0        0        0        0       37       16        0        0      226        0      182        0        4        0        0        1        0        0      201        0        2      380        0        0        1        0 
26:        0        0        0        0        0      393        0        0        0        0      194        0        0        0        0        0        0     3864        1        0        0        0        0        0        0        1     4145        0        0        0        0        0        0        0        0        3        0        0        0       13        0        0        0        0        0        0        0        0        0        0        0        0        0        0        0        0        0        0        0      249        0       45        0        7        0     1154        1        0        1        0      186        0        0        0        0        0        0        0        3        3        0        0        0        0        0        4        3        0        0        0        0        0        0       30        0     1876        0        4        0        0        1 
27:        0        0        0        0       67        0       13        0        0        0        1        0        0        0        1        0        0       84        0        0        1        0        4        0        0        0       14     3012        2        0        0        0        0        0        0        0        0        0        0        7        4       41        0       17        0        0        0        0        0        0        0        0        2        0        0        0      142      392        0        0        0        0        0        0        0        0        0        0       39        0        0        0        0        0       15        0        0        0      162        0        0        0        0        2        0      109       10        0        0        4      266        0        5       37        0        0        7        0        0        0       51 
28:        0        0       20        0        0        0      231       60        0        0        0        0        0        0        3        0        0        0        0        0        5        0       20        0        0       86        0        0     1472        6     1117        0        0        0        0        0        0        0        0        0        0        0        0        0        0        0        1        7        1        0        0        0        0        0        0        0        0        0        0        0        0        0        0        0        0        0        0        2        0        0       17        0        0        0        0        0        0        0        0       21       81        0        0        0     1105        1        0        0        0       26        0        0        0        0        0        0        0       19        0        0        0 
29:        0        2        0        4      641        4        0        2        0        0        0        0        0        0        8        0        1        0        0        0        9       95       41        0        0       21        0       16      302     1749        2        0        0        0        0        0        0       16        0      119        0        0        6      240        5        0       19        0       14        0       13        0        0        0        0        2      154        0        0        0        0        0        0        0        0        0      109        3        0        0      106        5        0        0        0        0        8        0       40        6      112        0        0        0        0       20      106        2        0      351       25       32        0        0        0      999       45        0        0        0       59 
30:        0        0       10       79        0        6       10        0        0        0        0        0        0        0        3        0        0        0        0        0        0        0        5      426        0        0        0        6       54        0     1384        0        0        0        0        6        0        0        0       36        9      131        6        0        0        0        0        0        3        0       37        0        0        0        0        0        0        0        0        0        0        4        0        0        0        0        0       17        0        0        5        0        2        0        0        0        0        0      109        3       15        0        0        0      685        0        0       38       27        0        0       91        6        0        0        0       12        8        3        0        0 
31:        0        3        0        1       86        0        0        0        0        0        0        0        0        0        0        0        0        0     2705        0        0      183        0        0        0        1        0        0        0       63       21     3209        1        0        0        0        0        0        0        0       69        0        0      118        0        0        0        0      393        0       42        0        0        0        0        0        0        0        0        0        0        0        0        0        0        0        0       18        0        0        0        0        0        0        0        0        0        0        0        0      214        0        0        0        0        0        0        0        0        1        2        0        1        0        4        0       25        0        0        0        0 
32:        0        0        5        0        0        0      630        0        0        0        0        0        0        0        0        0        0        0        1        0        0       26        0     1637        0        0        0        0        0        0        0        0     1800        0        0        0        0        0        0       26       48      711        0        0        0      234       20        0       34        0        0        0        0        0        0        0        0       62        0       45        0       25        0        0        0        0        0        0        0        0        0        0        0        0        0        0       46        0        0        2        0       13      213      709        5        0        0        0       63        0        0        0       73        0        0        0        0        0       25        0        0 
33:       51      206        0      591        0        0        0        0        0        0        7        0      529        0        0        0        0      391        0        2        0        0        0        0        4        0        3       54        0        0        0        0        0      804        0        0        0        0       83        0        0        0        0        0        5       90        6        0        0        4        0        1        0        0       10        6        0      107        0       29        0        0        8        2        0        4       20        0        0        0        0        6        0        0       78        0       98      106        0      118        0        0        7        0        0        0        0        0        0        5        0        0        0        0      152        0        0        0        0        0        4 
34:        0       64      251      161        0        0        0        0        0        0       14        0      104       97        0        0      201       80        0      248        1        5        0        0        3        0      146        0        0        0        0        0        0      202      108        0        0        0       74       55        0        0        0       19        1        1        0        0       36      201        0      204        0        0        0        0        0       27        3        0        0       70        0        0        0        0        0        0       92        0       37        0      735        0      110        0       10       85       41        7        0        0        0        0        0        0        0        0        0        3        0        0        0       21        0        0        0        1        3        0        0 
35:        0        3        0      419        6        0        0        0        0        0       10        0        0        0       50       24        1        0       32        0        0        0      163        0        0        0        0      159        0      287       49        0      431        0        0      684        0        0        0        0        0        3        0      163     2523       14        7        0        0        0      197        0        0        0        0        0        0        0        0       67        0        0        0        0        0        0        0        0        0        0        0        0        5        0      308        0        3        0       84        0       34        0        0        0        0     2169        0        0      255        4        2       15        0        0        0       66       18       60       39        8        0 
36:        0        0        0        0        9        0        0        0        0        0        0        0        0        0       51        0        8        7        0        0        0        6        0      341       15        0       18        0        0        0        0        0        0        0        1        0      192        0        0        0        0        0        0        0        0       20      378        0        0        0        0      590        0        0       24        3        0       66      145       12        0        0        0        0        0       20       12        0        0        0        0        0        0        0        0        0       17        0        0      229        0        0        0        0        0      409        0        0        0      446      107        0        0        0        0        0        0        0        0        0        0 
37:        0        0       17        3        0        0       34        0        0        0        0        0       11       14        0        0        8       54        1        0        0      147        7      107       25       18      174        9        0        0       12        5        0        0       39        6      180       96        0        4        0       80        0        0       12      523       25       15        6        0        0      267        0       12       68        0      451        1       31        0        0        0        0        0        0        0        0        0        0        1        0      198        0        0      369        0      604        0       88      129       48        0        0        0      131        1        0       17      171       61       85       27        0        0       36        0      142      173      247      122        0 
38:        0      439      136       54        0        0        0        0        0        0      693        0     1332        1        0        0        0     1350        0       62        0        0        0        5        0        0       41        0        0        0        0        0        0        0        4        0        2        0      488        0        0        0        0        0       89      388        0        0        0        0        0        0        0        0        2        0        0       11        0      373        0       60        0        0        0     3028       18        0        0        0      622        0        0        0      254        0        0        1        0        0        0        0        1        0        0        0        0        0        0        0        0        0        0        0        0        0        0        0        0        0        0 
39:        0        0       11        1      549        0        0      155        5        0       14        0        0        0       22       19        3       47       54        0        0        3       86        0        0      159        9      139       18       70       32        0        4        0        0        0        0        8        0     1100      154       37        0       51      253       25       61        8        0        0      114        3        4        0        1        0      157       38        0        0        0        4        0        1        0        1        2      122        8        2       82        0       19        0        2        1       26        0       85       20       62        0        0        4       61       74       20        0       17      175        6        0       12       61        0       73       97       62       34       35       16 
40:        0        0        3        0        5       38        0        1        0        0       16        5       19        0        0        0        0        0       13        0        1        7       24       56        0       28        0       95        0        0      181        0        0        0        0        0        0        0        0       97     4134      417        0       27       96        0        0        0        0        0        5        0       21        0        0        0      305        0        0        1        0        0        0        0        0        0        0        0        6       11      134        1        6        0        0      290        0        0       21       62        0        0        5        9      344        1        0        0       15        0        0        4        0        0        0        8       69       47       33        0       21 
41:        0        0        0        0        0        0        8      893        0        0      229        0        0        0      167        2        0        0        0        0        0        0        0        5        0        6        0        4        6        0        0        0        0        0        0        2        0       52        0       22      349     5946        0       25        0        0        0        0       75        0        0        0        1        0        2        0        0       17        0        0        0        0        0        0        0        0        0        0        0        0       94        1        1        0        0       72        6        0        0        0        8        1        0       93        0        0        2       35      390        0        8        0        7        4        0        4       42      109        0        2        0 
42:        0        0       11        0       12        0        0       15        0        0       55        0        0        6      182        0        0      528        2        0        2       68        0        0        0        1        1        2        0        0        0        0       30        0        0        0        0        0        3        4       25        0     1089       33        0       13       38        0        1        0        0        3       38        1        0        1        0        0        2       45       65       58        0        1        0       62      138       88       16        0       81        0        0        0       14        0        7        0        2       39        0        0        0        0        0       28        0        0       93       25        2        1        0      167        0      385        0        7        0        0        0 
43:        0        0        8        0        2        0        1        0        0        0        0        0        0        0       45        0        0        0        0        0        0       18        0        0        0       32        0        0       24      264        0       64        6        0        0        0        0        0        0       51        3        0        0     9318        1        0        0       10      210        0        0        0        6        0        0        0        0       15        0        0        0        0        0        0        0        0        1        0        0        0      393        0        0        0        0        0        1        0        1       70      823        0        0        0        1        0        4        0        0        4       13        3       21        0        0        0        0       19        0        0        0 
44:        0        0        4        0       60        0       21       21        0        0        1        0        0        0        0        3        1        1        0        0        3        5      293        3        0        0        0        6       30        0        1        0       25        0        0        0        0        0        0      787      150       66        3       12      383        0        4        0        2        0       18        0        3        0        0        0       10        0        0       14        0        0        0       19        0        3        4       83        0        0      250        0        0        0        1        0       12        0       74       10       65        0        9       14      168        0        2        4       28      331        4        3       89        5       15       76      250        9        0        0        0 
45:        0        4       18      210        0        0      104        0        0        0        0        0        8        0        0        0        0        0        0        8        0        4        0       61        1        0        0        0        0        0       58        4        0        0        0        0        0        0        0        0        0        0        0        0        0     4781        2        0        0        0        0      921        0        0        0        0        0        0        0        0        0       21        4        0        1     1168        7        0        0        0        0        7        0        0        0        0        0       44        0        0        0        0     1817        0      778        0        0        0        0        5        0       43        0        0        1        0        0        0        0        0        0 
46:        0        0        0        0        0        0        0        5        0        0        0        0        0        0        0        0       26       99        0       15      420        0      441        2        0        0        0        0        0        0        0        0        0        0        0        0       16        0        0        0        0       12        0        0        1       30      912      212        2        0        0      376        2        0        0        0        0        0        0        0        0        9        0        0        0        0        0        0        0        0       45        0        0        0        0      123       92        0        4       19        0        0        0        0        0        0        0        0        0       47        0        0        0       12        0        0        0        0        0        0        0 
47:        0        0        0        0       65        2        0       62       37        0        6        0        0        0      162        0      377      751        0        0       80     1354      765     1460        0        0        0        0        0       15       19        0        0        0        0        0        0       54        0       66        0        0      172        0     2273      926        0     1901      278        0        0       25       26        0        0     1594        0       28        0       80        0        0        0        0        0      441      201        0        0        0       48        0        0        0       10        0       19        0       46      192        0        0        0        0       87      437        0        0        0       66      462        0       16        0        0        0     1244        0        0        0        0 
48:        0        0        0        0        5        0        0      182        0        0      396        0        0        0        1        0        0        0       21        0        0       23        0        0        0       20        0       26        0        0        0        0        0        0        0        2        0        0        0      130       71        0        0       32        0        0        0        0     2261        0        1        0        0        0        0        0        0        3        0        0        0        0        0        0        0        0        0        0        0        0        0        0     2021        0        0        0        0        0        0        0      183        0        0      156        0        0       40      878        0        0        0        0        0        3        0       58        0       11        0        0        0 
49:        0      623        0      120        0        0        0        0        0        0        0        0        0        0        0        0        0       13        0      165        0       41       24        0       34        0        0        0        0        0        0       40        1     1966        0        0        1        0        0        0        0        0        0        0        0        0        0        0        0     4284        0       23        0      186      203        0        0        1        5       13        0        0        0        0        0        0        0        0        0        0       10        0        2        0        0        0        0        0        0        0        0        0        0        8        0        0        0        0        0        0        0        0        0        0       23        0        0        0        0        0        0 
50:        0        8        0       23      359       95        0        0        1        0        0        0      166        0        0        9       24        1       34        0        0        0        0        0        0        7        0      215       66      100      582       18       18        0        0        0        0       30        0      181        0      130        0       68      128        0       41        0        0        0     1195        0        2        0        0        0      366        6        0       28        0        3        0        0        0        0        0       10        0        0       68        0       88        0        0        0       64        0      169       95        4        0        0        1       68        0        4        6        1       61        3       12        5        6        0       61        0       26        0        0        1 
51:        0        0      363        0      123        0      114      253        0      463      716        0        0        0        9        0       15      732        0        0      141        1       14        0        0        5        0        0      203      290        0        0       51        0        0        6        0      107        0      205       67        0      287        0        0       51        0        0       97        0        0     1584      249        0        0        0        0        0        0      118        7        0        0        0        0        0       10        0        0        1      145      192        0        0      209        0        0        0        0       47        0        0        0        0        0        0        3        0       97      347      119      789        0       62        0        0       20        0        0        0       29 
52:        0        0        0        4      120      269        0        0        0        0        8        0        0        0        3        0        1       23        0        0        0       75        0        0        0        1        0        0        0        0      122        0        0        0        0        0        0      157        0        1        5        0        0       16        0        0       11        0        0        0        0        0      735        0        0        0      891       11        0        0        0        0        0        0        0       10        0        0        0        0        0        0        3       18        0        9        0        0        2       26        0        1        0        0        0       13      655        0        2        7        0        0        0       57        0      632        0        0        8        3        0 
53:        0       26      195      309        0        0        0        0        0        0        9        0        0       58        0        0        0       15        0        0        0        0        0        0      367        0       18        0        0        0        0        0        0        9        0        0        0        0        0      532        0        0        0        0        0        0        2        0        0      198        0       34        0     1814        0        0        0       12        0      936        0        0        0        0        0      612        0        0        0        0       12        0      292        0       23        0        1        0        0       82        0        0        0        0        0        0        0        0        0        0        0        0        0        0        0        0        0       11        0        0        0 
54:        0        0      290       75        0        0        0       40        0        0       35        0       80      570        0        0      759       32        2        0        2       15       10        0      152        0        6       11        0        8        0       25       19        0        0        0      618        0        0        0        2        0        1      639      406      184        0       10      316        0        0      568        0        0       16       14        0        0       51       37        0        0        0        0        0        0       13        0        0        0        0        0        0        0      249        0       66        0        0        0      221        0        0        0        0        0        0        0        0      590      335        0        2        0        8        0        3       70        0       25        0 
55:        0        0       18        0        6        0        0       16        0        0        1        0        0        0      267        1        0        2        0       53        0       25        0       32        0       13        0        0        1        0        4        0       10        0        0        0      569       46        0        6        0     1782        7      492        0       13      581      290        0        0        0       12        0        0        0        0      360       73        0        0        0       23        0        5        0        0        1        0       20        0        0        0      163        0        0        0       18        0       22      805        0        0        0        0        0        0        0        0      460        6       51        0        0      978        0        0      107        0        0      771      294 
56:        0        0        0        0     1180        0        0       37        0        0        0        0        0        0        0        0        0        0        0        0        0       79        0        0        0       45        0        0        1        0        0        0        0        0        0        0        0       39        0        0        4        0        0        3        0        0        0        0        0        0        0        0        1        0        0        0     2388        0        0        0        0        6        0        0        0        4        0        0        3        0      233        0        0        0        0        0        0        0        0        0       27        0        0        0        0      281        0        0        0      339        0        0        0        0        0       88      367        0        0        0        0 
57:        0       49       18       16        3        0        0        0        0        0       27        0      120        0       33        0        0      733        0        1        0        0        2        0        0        0      175        4        0        0        0        0        0       12        0        3        0        0        0        6        0        0        0        0        0      146        4        0        0        2        0        1        0        1       22        0        0      893        0        2        0        0        0        0        0       97       50        0        0        0      315        0        0        0       20        1      502        0        0       56        0        0        0        0        0        0       44        0        0        0        0        0        0      153        0        0       74       68       10        0        0 
58:        0        0        0        0        0        0        0        0       72        0       89        0       87        0        0        0       27        0        0        0        0        0        0        0        0        0       79        0        0        0        0        0        0       63        0        0        0        0        0        0        0        0       19        0        0        0        0        0       49        0        0        0        0        0        0        0        0        0     1601        0        3     4267       11       17        0       38      174        0        0        0      890        0        0        0        0        0        0        0        0        0        0        0        0      209        0      312        0       29        0        0        0        0        9        0        0      617       11        0        0        6        0 
59:        0      430       14      540        0        0        0        0        0        0        0        0        0        0        0        0        2     1344        0      122        0        6        0      194      597        0      839        0        0        0        0        0        0      897        0        0        2        0        0        0        0        0       26      121        0        0       46        0        0        0        0       19        0      339       30        0        0      181       14     2907        5      285       13        0        0       99        8        0        0        0        0        0        0        0     1716        0        2      246        0      607        0        0        9        0        0        0        1        0        0        0        0        0        0        0        0        1        0        0        0        0        0 
60:        0      114       46        0      566        0        0        0        0        0        0        0        9        0        0       37        0      123        0        0        0     1158        0        0        0        0        0       15        7        0        0        0        0       12        0        0     2576        0        0        0        0        0        0        0     2385     1286        2        0        0        0        5        0        0       10       15        9        0        0        0        0     1667     1050        0     1013        0      111        2        0        0        0        0        0        0        0      882        0        0       74        0        0        0        0        0     1148        0        0        0        0        0      640        0       34        0        0        0        0        2        0       15       58        0 
61:        0      506        0        0        0        0        0        0        0        0        0        0        0       55        0        0       29        5        0      719        0      252        0      102        1        0        0        0        0        0        0        0        0      622        1        0        0        0        0        0        0        0      646        0        0        0        0        0        0        0        0       62        0        0        4        0        0       13        0        0        0     7914        4      916        0       18        0        0        0        0       28        3        0        0       58        0        0       84        0        0        0        0        0        1        0        0        0        0        0        0        0        0       13        0       24        0        0        0        0        0        0 
62:       13        6        0        0        0        0        0        0       10        0        0        0        0        0        0        0        0       20        0     1036        2        0        0        0        0        0        3        0        0        0        0        0        0      371        0        0        0        0        0        0        0        0        0        0        0        0        0        0        0        0        0       64        0        0        0        0        0       97      474        0        0     1778     4580        0      248        0        0        0        0        0       55        1        0        0       52        0     1001      563        0        0        0        0        0        0        0        0        0        0        0        0        0        0        0        0        0        0        0        0        0        0       10 
63:        0        0        0        0        0        0        0        0        0        0        0        0        0        0      248      432        0        0        0        0        0      369        0        0        0        0        0        0        0        0        0        0        0      107        0        0        0        3        0        0        0        0        0        0        0       11        0        0        0        0        0        0        0        0        1        0        0        0        0        0        0     1170        0      829        0       14     1744        0        0        0       12        0        0        0        0        0        0      337        0        0        0        0      135        0        0        0        0        0        0      677        0        0        0        0        0        0        0        0        0        0       72 
64:        0        0       32        0        0        0        0        0        0        0     2703        0        0        0       14        0        0        0        0       11        0       39        0        0        0        0        0        0        0        0        0        0        0     1406        0        0      114        0        0        0        0        0        2        0        0        0        0        0        0        0        0        7        0        0        0      870        0        0       24        0        0     3100      927       41     3276        1       46        0        0        0        0        0      106        0       86        0        0        0        0        8        0        0        0        0        0        0        0        0        0      711        0        0        0        0        0        0        0        4        0        0        0 
65:        0        0       23        0      119        0        0        0        0        0        0        0        0        3        0        0        0       32        0        0        0        0        0        0        0        0      179        0        0        0        0        0        0        0        0        0        0        0        0        0        0        0        0        0        0        0        0        0        0        0        0        0        0        0        0        0        0        5        0        0        0      865        0      893        0     5565        0        0      680        0       12        0        0        0        0        0        0        0        0        0        0        0        0        0        0       15        0        0        0        0        0        0        0        2        0        0        0        0        0        0        0 
66:        0        0      422        0        0        1        0        0        0        0        0        0        0        0        0        0        0      424        0       23        0       40        0        0        0        0      165        0        0        0        0        0        0      310        0        0        0        0        3        0        0        0        0        0        0        8        0        0        0        0        0        0        0        0        0        0        0       51        0        3        0     1290       93        0        0      425      793        0        0        0      425       43        0        0      121        0        1       26        0        0        0        0        3      416        0        0        0        0        0        0        0        0        0        1        0        0        0        2        0        0        7 
67:        0        0      252        0      535       53        7        0        0        0       99        0        0        0        0        0        0        0        2        0        0      396       20        2        0      105        0      205        4        2      244        0      150        7        0        0        2      339        0     1374        8      231        1        4       32        0      190        0        4        0      159        0      104        0       36        0       79       29        0       17        2        1        0        1        0        2        0       52       25        0       12        0      449        0       35        0        0        0       44      103        0        0        5       51       41     1394       33       25      138        0        9        1        0      224        0      194       17      174        0       25        0 
68:        0        0        1        0     3079        0        0       39        0       10        0        0        0        0      475       35        0        0        0        0       76        7        7        0        0     1381       54       11        0      692        0        0        0       30        0        0        3        0        0        3       12        0        0        4        0       96       98        0        0        0        0      131      324      417        0        0      954       35       37      150        1        0        0       86        0      741       13        2      196        0      275        0        0        0        0        0       13        1        2       68        0        0        0        0        4       15      813        0        0        0        0        2        0        4        0     1049        0      262        0        0      133 
69:       31        0       14        0        4        0        0        0        0        0        0        0        0        0       14        0       11      119        0        0        0       48        0        0        0        0        0        0        0        0        0        0        0        0        3        0        0        0        0        0        0      146        0        0        0      228     1005        0        0        0        0        0        0        0       30        0        0      323        0        0        0        0        0        0        0        0        0        0        0        0        0        0        0        0      129        0        4        0        0      168        0        0        0        0        0        0        0        0     1415        0      146        0        0       72        0        0        0        5        0        0        7 
70:        0        0        1        0       58        0        0        0        0        0        0        0        0        0        0        0       62      122        0        0        0        7        2        0        3      273        2        0        1        0        0        0        0        0        0        0        0        0        0       16        4        1        0        0        0        0        0        0        0        3        0        0        0        0        0        0       77      147        0        4        0        0        0        0        0        0        0        0        0        0     8208        0        0        0        2        0        0       19        0        1        0        0        0        0        0        0        0        0        0        8        0        0        0        0        0       17       34        0        0        3        0 
71:        0        0        0        0        0        0        0        0       49        0        0        0        0        0        0        0       13        0        0        0       23        0        0        0        5        0        0        0        0       50        0        0        0       71        0        0      238        0        0        0        0       18        0        0       35        0       63        1        1        0        0      239        0        0       20        0        0       20        0        0        0        0        0        0        0      207        3        0        0        0        0      125       57        0       91        0      295        0       13      534        0        0        8        0        0        0        0        0        0        0      167        0        0        0      280        0        0        0        0        0        0 
72:        0        0        0        0        0        0        0        1        0        0       53        0        0        0        0        0        2        0        3        0        0       61        0        0        0        0        6       37        0        0        0        0        0        0        0        0        0        0        0      113        1        0        0        0        0        0        0        0      814        0        0        0        0        0        0        0        0        0        0        0        0       34        0        0        0       13        0        0        0        0       58        0     3617        0        0        0        0        0        0        3      394        0        0        0        0        0       18      202        0        0        0        0        0        0        0        5        0        0        0        0        0 
73:        0        2       79       42      265        0        0        0        0        0      923        0        0      208        0        0      184     1186        0        1      108     7357        7       36        0        0        0        0        0        0        0        0        0        4        5        0       16        3        0      454      251        0        0        0        0      127        8        0      310        0        0      312       74        0      155      138        0        0        0        1        0       31        0        0        0        4        0        0        0        0        8        0       90     3002      683        0        0        0        0       83        0        0        2        0        0      292        0        0      141        0        0        0        0      151        0       34        0      150        0        2        0 
74:        0        4        0       33      439        0        0        4        0        2      128        0        0        1        1        1       72       71        0        0        2     1198      124      242        0        0        0        1        0        9        0        0        0        0       12        0      216        0        0        0        1        0       54        1        4       79       17        3       52        0        2       17        0        0      323        0        0       49        0        3       12        7        0        0        0       50        0        0        7       16      208        1        0        0      569        0       38        1       36        0      194        0        0        3        0      361        0        0        0       80        5        0        0        6        1        0      799        0        0       36       98 
75:        0        0        0       26        0        0        0        5        0        0        0        0        0        0        0        0        0        0       86        0        0        0        0        0        0      592        0      212        0     1221     1947        0        0        0        0        0        0        1        0      597     1767        0        0        0        0        0        0        0       45        0      272        0        0        0        8        0       97       41        0        0        0        2        0        0        0        0        0      881        1        0       19        4      558        0        0     1503        0        0        0       65      135      508        0       23      421        0        0     1154        0        3        0        3        6        0        0        6       37        0        0        0        0 
76:        0       11      123        0      139        0        0        0        0        0        0        0       86        0        3      477       10      127        0        0        1        0       26      153        0      120        0        0        0        0        0        0        0        0        2        0        0        0        0        0        0        0        5     1252        6       26      118     3462        0        0        0       45        0        0       19      589        0       74        0        0        0        0        0        0        0        7       10        0        0        0        5        0        0        0        0        0     1939        0        8      229        0        0        1        0        0        0      422        0        0       10        8        0        0        2        0        0        0       23        0        2        3 
77:      102      182        0        0        0        0        0        0        0        0        0        0        4        6        0        0        0     1636        0      668        0        1        0        0        0        0        0        0        0        0        0        0        0      681        0        0        0        0        0       16        0        0        0        0        0        0        0        0        0        0        0        3        0        0        0        0        0        0        0        0        0        7        0        0        0        0       60        0        0        0        0        0       24        0      420        0        0     6476        0        0        0        0        0        0        0        0        0        0        0        0        0        0        0        0        0        0        0        0        0        0        0 
78:        0        0        0        0        0        0       78        0        0        0        0        0        0        0        0        0       99        0        0        0        0        0      843       58        0        0        0      150        6        0      388        0      211        0        0        0        0      282        0        0        1       53        0        0       10        0        0        0        0        0      111        0        0       24        0        0        0        0        0        0        0        0        0        0        0        2        0        2        0        0        0        0        0        0        0        0        0        0      903        0        0        0        0        0      322        0        0        0       34      201       19       18      143        0        0        0      105        0        0        0        0 
79:        0        4       13       69      204        0        8      326        0        0      431        0        1        0       24        0        1       12       73        0        0      215        0        6        0      297        2       62        0        0       10        3       35        0        6      247       11      155        0       24       44        8        0      188      339        1       13       28       57        0        0       17        0       16        3        0        0       12        0        0        0        0        0        0        0        0        0        9        0        0        0        3      165        0       25        0      138        0        0      600      238        4        3       45        0        0        1      319        3      155        0        1       40       38        0       46       11       15        7        0        1 
80:        0       14        0        3        8        0        0        3        0        0        7        0        0        0        2       42        0        0      204        0        0     1406       58        0        3       27        0       84        0        0      107        0        0        0        0        7        0        0        0        0        5        0        0      901       87        0        0        0      643        0        0        0        0        0       10        1      132        5        0       32        0        0        0        0        0        0        4        0        0        0        0        0      662        0       16        0      184        0        0       10     3303        1        0       21      251       71        0      430        0        0       13       96        0        0        0        6       14       53        0       51        0 
81:        0        0        0        0        0        0        0        0        0        0        0        0        0        0        0        0        0        0        0        0        0      145        0        0        0        0        0        0        0        0        0        1        0        0        0        0        0        0        0        1        0        0        0       19        0        0        0        0     3540        0       17        0        0        0        0        0        0        0        0        0        0        0        0        0        0        0        0        0        0        0        0        0      332        0        0       12        0        0        0        0       17     2597        0        3        0        0        0      190        0        0        0        0        0        0        0        0        0        0        0        0        0 
82:        0        3        0        0        0        0        0      100        0        0       56        0        0        0        0        0        0        0      102        0        0      391        3        0        0        0        0        0        0        0        0        0        0        0        0        0        0        0        0        7        0        0        0        0        0        0        0        0      138        0        0        0        0        0        0        0        0        1        0       30        0        0        0        0        0        0        0        0        0        0        0       36      369        0        0        0        0        0        0        0      429       67     2105        1        0        0        0      699        0        0        0       14       61        0        0       41        8       29        0        0        5 
83:        0        0        0        0        0        0        0     1401        0        0      344        0        2        0      104        0      474      484        0        2        0        2       21      504        0        5        0       25        5      851      192        0     1787        0        0        0        5       26        0      115      306       46        0       18      109        3       91      329      389        0        0        1        0        0        0        0      741        0        0        0        0        0        0        0        0        0        0        0        0        0        0       10        0        0      267        0      219        0      276       12      229        0        0        3      431        0        6        0        6       53        0       58       42        0        0      136      913     1423        1        0        0 
84:        0        0        0        0        0        0        0        0        0        0        0        0        0        0        0        0        0        0        0        0        0        0        0        0        0        0        0        0      192        0      174        0        0        0        0        0        0        0        0        0        0        0        0        0      226        0        0        0        0        0        0        0        0        0        0        0        0        0        0        0        0        0        0        0        0        0        0      521        0        0        0        0        0        0        0        0        0        0        0        0        0        0        0        0     2730        0        0        0        0        0        0        0        0        0        0        0        0        0        0        0        0 
85:        0        0        0        0     1388       22        0        0        0        0        1        0        0        0        0        2        0        0        0        0        2      197        0        0        0        6       84       74       63       34        0        0       23        0        0       50        0        2        0       19        1        0        0       75        0        0        0        0        0        0       37        0        0        0        0        0       90        0        0        0        0        0        0       15        0       43        0        0       24        0       95        0        0        0        0        0        0        0       12        7      138        0        0        0        0     1968        0        0        0        3        0      131        0       17        0      184        1        0        0        0       12 
86:        0        0      188        1        9        0       67        0        0        0       53        0       15        0        0        0        0       47        0        0        0        0        0        0        0       61       69      567        0        0        0       35        0       51        0        0        0        0        0        9        0        4        0     1325        1        0        0        1        0       11        0        0        0        3        0        0       67       14        0        0        0        6        0        0        0      571        0        0        9        0      761        2        1        0        0        0        1        0      277       18        0        0        1        0        0       19     2356       16        0       69        0        0        0        0        5       12        2        0        0        0        0 
87:        0        0        0       19        0       76        0        4        0        0        0        0        0        0        0        0        0        0       96        0        0      176        0        0        0        0        0       11        0        0        0       57        0        0        0        0        3        1        0        0        0        0        0        0        0        0        0        0      171        0        0        0        0        0        0        3        0        3        0        1        0        0        0        0        0        0        0        0        0        0        0        2      215        0        0        0       28        0        0        0      708      121        5        6        0        0        0     4519        0       10        0        0        0        0        0        0        0        0        0        0        0 
88:        0        0       29        0        0        0        0        0        0        0      581        0       33        7        0        0        0      107        0        0        0        0        3        0        0       52        1        0        0        0      251        0       18        4        0      231        0        0        0      244        0       61        0        0        0        5       65        0        2        0        0       64        0        0        3        0        0        0        0        3        0       28        0        0        0       95        0        0        0        0        4        0        0        0        2        0       16        0      109        0        0        0        0       58        0       11       14        0     3161        0        0        0        0     1695        0       44        0       45        0        0        0 
89:        0        0      185        0      202        0        0       26        0        0        0       34        0        0        0       13        0        0        0        0        0        0      172        0        0        0      766        0      150      344        0        0       28        4        0        0        0        0        0      197        0        0        0        0      590        0        0        0        0        0       21        0        0        0        0        0        0        2        0        0        0        1        0        2        0        0      610        0        0        0       23        0        0        0        0        0       52        0        0        0        0        0        0       77        0        0        0        0        0     1963        0      399        0        0        0        3        0        0        0        0       10 
90:        0        0        0      236        0        0        0        0        0        0       19        0        0        0        0        0        0      704        0        0        0        0        7     1086       10        0        0        4        0        0        0        0        0        0        0        0        0        0        0      402      575        7       22      615        0        0        0        9        0        0        0        0        0        0        0        0        0        0        0        0        0        0        0        0        0        0        0        0        0        0        0        0        0        0        0       59        0        0        0        8        0        0        0        0        0        0        0        0      366        0      523        0        0        0        0        0        0       12        0       43        0 
91:        0        0        8        0        0        0       27        6        0        0      103        0        0        0     1626        0        0        0        0        0        1        0        5        0        0        0        0        0        0      980        0        0      458        0        0        0        3        7        0       11        0        0        0        8      312        0       98        0      531        0        0        0        0        0        0        0        0        0        0        0        0        0        0        0        0        0        0       42        0        0       20        0        0        0        0        0       13        0        0        0        4        0        0      144        0        0        0        0      220        0       28     1480        0        0        0        0        0        0        0      128        0 
92:        0        0       54       22        0        0       27        0        0        0        0        0        0        0       10        0        0        0        0        0        0        0      204        0        0        0        0      156       33        0        0        0      157        0       18        8       10       29        0        0        0      414        1       28        0        0        5       22       35        0       87        5        0      135        0        0        1        2        0        1        0        0        0        0        0        0        0        0        0        0        0        0        0        0       61        0        0        0       93        0      141        0        0       19        0     1187        0        1      256       41       66        0       68        0        0       33        0       97        0      235        0 
93:        0        0        7        0        3        0        0      381        0        0      135        0        0        0        0        0        0       12        0        0        0       12        0        0        0        0       12       87        0        0        0        0      268        0      115      502       25      117        0       88      219        8        0        0        0        0       18        0      186        0        0        0        0        0        0        0        0       27        0        0        0       27        0        0        0        0        0        0        0        0        0        1        0        0        0        0        1        0      249       18        0        0        0      909        0      349        0       76     1234        5       46        3        0     1414        0      268      486        0        0       32        9 
94:        0      577        0      415        0        0        0        0        0        0        0        0      248       21        0        0        0        0        0        4        0        0        0        0     2031        0        0        0        0        0        0        0        0        6        0        0        0        0        0        0        0        0        0        0        5        0        0        0        0       65        0        0        0        0        0        0        0        0        0        0        0        0        0        2        0        0        0        0        0        0      276        0        0        0       48        0        0        0        0        1        0        0        0        0        0        0        0        0        0        0        0        0        0        0     4450        0        0        0        0        0        0 
95:        0        0        0        0      570        4        0       94        0        0        1        0        0        0       40        0        0        0        0        0        0        0        0        0        0      183        6        2       77        7        0        0        0        0        0       14        0        7        0        4        5        0        0        0        0        0        0        0        0        0        5        0        0        0        0        0      228       12        0        0        0        0        0        0        0        0        5        3       57        0       75        0        0        0        0        0        0        0        0        0       17        0        0        0        0      434      109        0        0        0        9        0        0       10        0     1745       24        0        0        0        0 
96:        0        0        2        0       66        0        0       24      112        0       11        0        0        0        0       33       88       13        0        0        0      221     1229        0        2       33        0        0        0        0        0        0       46        0        0        0        0        0        0       29        0       31        0        4      352        0        8       22        1        0        0        0       90        0       11        0        0        0        0        0        0        0        0        0        0        0        0        0        9       56       19        0        1        0        0        0       14        0        0        2        1        0        0        0        0        3       30        0        0        0        0        0        0        1        0        0      661        0        0        0        0 
97:        0        1       37        6        0        0        5      522        0        0      660        0       80        0      138        0      283       71        0        0        0        3        0      705        0        0        0        2        0        0        0        0       56        0        9        0        4      363        0       35        0     1019        0      693        0        0      319      152      164        0        0        2        0        0        8        0        0       14        0        0        0        0        0        0        0        0        0        0        0        0        0        0      248        0      141        0       18        0      126       25      221        0        0        0        0        0        5      541      543        1       29        0        4       14        0      258       12      129       20       13       21 
98:        0        0        0      242        0        0        0        0        0        0        0        0        0        0        0        0        0        0        0        9        0      970        0        0       33        0        0        0        0        0        0        0        0        0        4        0        0        0        0        0        0        0       54        0        0      836      695        1        0        0        0        0        0        0        0        0        0        0        0        0        0        0        0        0        0        0        1        0        0        0        0      151        0        0        0        0      547        7        0        0        0        0       63        0        0        0        0        0       56        2        0        0        0        0        0        0        0        0        0        0        0 
99:        0        0        0      261        0        0        0        0        0        0        0        0        0        0        0        0      574        5        0      241       18      707        0        0      838        0        0        0        0        0        0        0        0        0        0        0        0        0        0        0        0        0        0        0        0        0        0        0        0        0        0        0        0        0        1        0        0      333       11        0        0        0        0        0        0        0        0        0        0        0       45        0        0        0      263        0        0      174        0        0        0        0       37        0        0        0        0        0        0        2        0        0       39        0        0        0        5        0        0     2647       20 
100:        0       38       45      548        0       22        0        0        0        0        0        0        1       73        0        0      108      103        0       21       25       30        0      225        8        0        0        0        0       32       54        0        0      170       58        0        0        0       60       10        0       53       45        1        1      401      683        2        0       12        0      122        0       19      348       67        0       22        6       39        0      280        1        0        2      115       73        0        0        0       10        0        1        0       17        0       60      108      223        5        0        0       90        0        0        0        0        0       30      302        2      159        0       16       30        0        0        2        0        1     1529 
