Confusion Matrix:
         0    1    2    3    4    5    6    7    8    9
   0:  977    0    1    0    0    1    0    1    0    0
   1:    0 1133    1    0    0    0    1    0    0    0
   2:    2    1 1014    0    1    2    4    7    1    0
   3:    0    0    5  918    0   78    0    1    8    0
   4:    0    2    0    0  977    0    0    0    0    3
   5:    1    1    1    0    0  887    1    0    0    1
   6:    8    2    0    0    5    1  941    0    1    0
   7:    0    8    6    3    2    2    0 1007    0    0
   8:    0    0    2    0    2    1    0    0  968    1
   9:    3    2    3    0   17    3    0    3    4  974
-------------------------------------------------------
              precision    recall  f1-score   support

           0   0.985873  0.996939  0.991375       980
           1   0.986075  0.998238  0.992119      1135
           2   0.981607  0.982558  0.982082      1032
           3   0.996743  0.908911  0.950803      1010
           4   0.973108  0.994908  0.983887       982
           5   0.909744  0.994395  0.950187       892
           6   0.993664  0.982255  0.987927       958
           7   0.988224  0.979572  0.983879      1028
           8   0.985743  0.993840  0.989775       974
           9   0.994893  0.965312  0.979879      1009

    accuracy                       0.979600     10000
   macro avg   0.979567  0.979693  0.979191     10000
weighted avg   0.980395  0.979600  0.979577     10000
-----------------------------------------------------
Accuracy Macro Average: 0.979693
