Confusion Matrix:
         0    1    2    3    4    5    6    7    8    9
   0:  977    0    0    0    0    0    1    1    0    1
   1:    0 1134    1    0    0    0    0    0    0    0
   2:    0    0 1019    1    0    7    2    3    0    0
   3:    0    0    1  996    0    9    0    1    3    0
   4:    0    0    0    0  977    0    0    0    1    4
   5:    0    0    7    8    0  871    1    4    0    1
   6:    9    6    0    0    0    1  941    0    1    0
   7:    0    2    2    0    1    1    0 1022    0    0
   8:    0    0    0    3    0    0    0    0  970    1
   9:    1    0    1    3    4    2    0    3    0  995
-------------------------------------------------------
              precision    recall  f1-score   support

           0   0.989868  0.996939  0.993391       980
           1   0.992995  0.999119  0.996047      1135
           2   0.988361  0.987403  0.987882      1032
           3   0.985163  0.986139  0.985651      1010
           4   0.994908  0.994908  0.994908       982
           5   0.977553  0.976457  0.977005       892
           6   0.995767  0.982255  0.988965       958
           7   0.988395  0.994163  0.991271      1028
           8   0.994872  0.995893  0.995382       974
           9   0.993014  0.986125  0.989557      1009

    accuracy                       0.990200     10000
   macro avg   0.990090  0.989940  0.990006     10000
weighted avg   0.990207  0.990200  0.990195     10000
-----------------------------------------------------
Accuracy Macro Average: 0.989940
