Confusion Matrix:
       0   1   2   3   4   5   6
  0: 225  27   1  19  11  20   6
  1:  11  99   8   0   0  17   0
  2:   4  23 147   3   0   0   0
  3:   0   0  13  56   6   0   0
  4:   0   0   3   3 198   0   3
  5:  11   4   2   4   0  63   0
  6:   3   0   0  10   3   0 233
--------------------------------
              precision    recall  f1-score   support

           0   0.885827  0.728155  0.799290       309
           1   0.647059  0.733333  0.687500       135
           2   0.844828  0.830508  0.837607       177
           3   0.589474  0.746667  0.658824        75
           4   0.908257  0.956522  0.931765       207
           5   0.630000  0.750000  0.684783        84
           6   0.962810  0.935743  0.949084       249

    accuracy                       0.826052      1236
   macro avg   0.781179  0.811561  0.792693      1236
weighted avg   0.837773  0.826052  0.828625      1236
-----------------------------------------------------
Accuracy Macro Average: 0.811561
