Average: 0.826052
Micro Average: 0.826052
Macro Average: 0.792693
Confusion Matrix:
           0        1        2        3        4        5        6
 0:      225       27        1       19       11       20        6 
 1:       11       99        8        0        0       17        0 
 2:        4       23      147        3        0        0        0 
 3:        0        0       13       56        6        0        0 
 4:        0        0        3        3      198        0        3 
 5:       11        4        2        4        0       63        0 
 6:        3        0        0       10        3        0      233 
