Confusion Matrix:
         0    1    2    3    4    5    6    7    8    9
   0:  975    0    2    0    0    2    0    1    0    0
   1:    0 1133    1    0    0    0    1    0    0    0
   2:    0    1 1013    3    0    7    3    4    1    0
   3:    0    0    0 1002    0    5    0    1    2    0
   4:    0    1    0    0  979    0    0    0    0    2
   5:    1    0    0    5    0  882    3    0    0    1
   6:    6    2    1    0    0    1  947    0    1    0
   7:    0    2    4    2    2    1    0 1017    0    0
   8:    0    0    4    2    0    0    0    0  967    1
   9:    0    0    2    0    8    1    0    5    6  987
-------------------------------------------------------
              precision    recall  f1-score   support

           0   0.992872  0.994898  0.993884       980
           1   0.994732  0.998238  0.996482      1135
           2   0.986368  0.981589  0.983973      1032
           3   0.988166  0.992079  0.990119      1010
           4   0.989889  0.996945  0.993404       982
           5   0.981090  0.988789  0.984925       892
           6   0.992662  0.988518  0.990586       958
           7   0.989300  0.989300  0.989300      1028
           8   0.989765  0.992813  0.991287       974
           9   0.995964  0.978196  0.987000      1009

    accuracy                       0.990200     10000
   macro avg   0.990081  0.990137  0.990096     10000
weighted avg   0.990215  0.990200  0.990195     10000
-----------------------------------------------------
Accuracy Macro Average: 0.990137
