Average: 0.250000
Micro Average: 0.250000
Macro Average: 0.057143
Confusion Matrix:
           0        1        2        3        4        5        6
 0:      309        0        0        0        0        0        0 
 1:      135        0        0        0        0        0        0 
 2:      177        0        0        0        0        0        0 
 3:       75        0        0        0        0        0        0 
 4:      207        0        0        0        0        0        0 
 5:       84        0        0        0        0        0        0 
 6:      249        0        0        0        0        0        0 
