Confusion Matrix:
           0     1     2     3     4     5     6     7     8     9    10    11    12    13    14    15    16    17    18    19    20    21    22    23    24    25    26    27    28    29    30    31    32    33    34    35    36    37    38    39    40    41    42    43    44    45    46    47    48    49    50    51    52    53    54    55    56    57    58    59    60    61    62    63    64    65    66    67    68    69    70    71    72    73    74    75    76    77    78    79    80    81    82    83    84    85    86    87    88    89    90    91    92    93    94    95    96    97    98    99   100
    0:  4484  2430     0     0     0     0     0     0     0     0     0     0     0   112     0     0     0     0     0    28     0     0     0     0     0     0     0     0     0     0     0     0     0     0     0     0     0     0     0     0     0     0     0     0     0     0     0     0     0     0     0     0     0     0     0     0     0     0     0     0     0   157     0     0     0     0     0     0     0     0     0     0     0     0     0     0     0   100     0     0     0     0     0     0     0     0     0     0     0     0     0     0     0     0     0     0     0     0     0     0     0
    1:   370  4887     0     0     0     0     0     0     0     0     0     0     0     0     0     0     0     0     0   459     0     0     0     0     0     0     0     0     0     0     0     0     0    10     0     0     0     0   207     0     0     0     0     0     0     0     0     0     0     0     0     0     0     0     0     0     0     0     1     0     0     0     0     0     0     0     0     0     0     0     0     0     0     0     0     0     0   289     0     0     0     0     0     0     0     0     0     0     0     0     0     0     0     0     0     0     0     0     0     0     0
    2:     0     0  2402     0     0     0     0     0     0     0     0     0     0     0   959     0     0    16     0     0     5     8     0     6     0    64     0     0     0    10     0     0   147     7    29     0     0     0     0     0     0   411     9     0    13     5     4     0     0     2     0     1     0     0     0     2   355     5     4     0    33     1     0     0     0     4     0    36     0   112     1     1     0     0   168     0   169     0   235     0   175     0    57    10     0     0     4     0     7   132     0    70   203     0     1     0     0     0   197     0    34
    3:     2    36    59  5149     0     0     0     0     0     0     0     0     2     4     0     0     3     0     0    65     0     5     0     0   703     0     0     0     0     0     0     0     0     4     6     0     0     3     1     0     7     0     0     0     0     0     0     0     0     1     0     0     0     0    71     0     0     0     0     0     0     0     0     0     0     0     0     0     0     0     0    14    57    21     0     0     0     6     0     0     0     0     0     0     0     0   101     0     0     0     0     0     0     0     0     0     0     0     0     0     0
    4:     0     0     0     0  3311     0     0     0     5     0     0     0     0     0     0     0     0     0     0     0    21     0     0     0     0     0     0    35     0    25     0     0     0     0     0     0     0     0     0     0     0     0     0     0     0     0     0     0     0     0    13     0     0     0     0     0    37     0     0     0     0     0     0     0     0     0     0     0     0     0     0     0     0     0     0     0     0     0     8     0     0     0     0     0     0     6    78     0     0     0     0     0     0     0     0    44     0     0     0     0     0
    5:     0     0     0     0     0  6361     0     0   205    30     0     0     1     0     0     8     0     0     0     0     0     7     0     0     0     0     0     0     0    20   121     0     0     0     0     0     0   101     4   111     4     0     5     0    15     0     0     0     0     0     0     4    24     0     0     0     0     7     0     0     0     0     0     0     0     0    13     0     0     0     7     0     0     0     0     0   218     0     5     7     0     0     0     0     0     0    18     0     0     0     0     0     0     0     0     0     0     0     0     0     0
    6:     0     0   290     0     0     0  3153     5     0     0     0     0     0     0     0     0     0     0     0     0     0     0     0     0     0     0     0     0     0     0     0     0    46     0     0     0     0     0     0   196    31     0     0     0     0     0     0     0     0     0     6     0     0     0     0     0     0     0     0     0     0     0     0     0     0     0     0    16     0     0     0     0     0     0     0     0     0     0     0     0     0     0     0   260     0     0     0     0     0     0     0     0     0     0     0     0     0     0     0     0     0
    7:     0     0     0     0     1     0     0  1674     0     0     0     0     0     0     0     0     0     0     0     0     0     0     0     0     0    46     0     0    53     0     0     0     0     0     0     0     0     0     0     0     0    11     0     0   159     0     0     0     0     0     0     0     0     0     0    15     0     0     0     0     0     0     0     0     0     0     0     4     0    25     0     0     0     0     0     0     0     0     9   140     0     0     0   102     0     8     0     0     0     0     0  1154     0     6     0     3   513     0     0     0     0
    8:     0     0     0     0     0     0     0     0  2126     0     0     0     0     0     0     0     0     0     0     0     0     0     0     0     0     0     0     0     0     0     0     0     0     0     0     0     0     0     0     6     0     0     0     0     0     0     0     0     0     0     0     0     0     0     0     0     0     0     0     0     0     0     0     0     0     0     0     0     0     0     0     0     0     0     0     0     0     0     0     0     0     0     0     0     0     0     1     0     1     0     0     0     0     0     0     0     0     0     0     0     0
    9:     0     0     0     0     0     0     0     0     3  5102     0     0     0     0     0     0     0     0     0     0   181     0     0     0     0     0     0     0     0     0     0     0     0     0     0     0     0     0     0     0     0     0     0     0     0     0     0     0     0     0     0    29     0     0     0     0     0     0     0     0     0     0     0     0     0     0     0     0     0     0     0     0     0     0     0     0     0     0     0     0     0     0     0     0     0     0     0     0     0     0     0     0     0     0     0     0     0     0     0     0     0
   10:     0     0    17     0     4     1     0     9    15     0  6569     0     0     0     0     0     0     0     0     0     0    18    11     8     0     3     1     0     0     0     2     0    92     0    11     1     0     0     0     2     0   252    37     0     3     0     0     0     2     0     4     0     0     0     0     0     0    16     0     0     0     0     0     0     0     0     0     0     0     0     0     0     0     0     0     9     0     0     6  1199     0     1     0   108     0     0     0     0    66     5    18   251    35    96     0     0    24    50     0     0     0
   11:     0     0     0     0     0     0     0     0     0     0     0 12714     0     0     0     0     0     0     0     0     0     0     0     0     0     0     0     0     0     0     0     0     0     0     0     0     0     0     0     0     0     0     0     0     0     0     0     0     0     0     0     0     0     0     0     0     0     0     0     0     0     0     0     0     0     0     0     0     0     0     0     0     0     0     0     0     0     0     0     0     0     0     0     0     0     0     0     0     0     0     0     0     0     0     0     0     0     0     0     0     0
   12:    50    81     0     0     0     0     0     0     0     0     0     0  1846    11     0     3    14     0     0   329     0     0     0     0     0     0     2     0     0     0     0     0     0  2553   163     0     0     0   251     0     0     0    68    58     0     1    25     0     0     0     0     0     0     0    19     0     0     1     0   138     0    11     0     0     0     4    12     0     0    21     0     2     0    81     0     0     0     3     0     0     0     0     0     0     0     0     0     0     0     0     0     0     0     0     1     0     0     0     2     0     0
   13:     0     0     0     0     0     0     0     0     0     0     0     0     1  2787     0     0     0     0     0     0     0     0     0     0     0     0     0     0     0     0     0     0     1     1     0    26     0     0    70     0     0     0     0     0     0     4     0     0     0     0     0     0     0     0     1     0     0     0     0     0     0     0    13     0     0     1     0     0     0     0     0     0     0     7     1     0     0    61     0     0     0     0     0     0     0     0    15     0     0     0     0     0     0     0     0     2     0     0     0     0     0
   14:     0     0    79     1     0     0     0     0     0   197     1     0     0     0   928     0     8     1     0     0     0     0     0     0     0     0     0     0     0     0     0     0     0     0    40     0   409     0   109     0     0     0     0     0     0   241    35   322     0     0     0   120     0     0   208    32     0     8     0     6     0    27     0     0     0     2    37     0     0     4    17     0     0     0     1     0     7     0     0     0     0     0     0     0     0   347    22     0     0     0    15     0     0     0     0     0     0     0   468     0     4
   15:     0     0     0     0    95     0     0     0    29     0     0     0     0     0     1  5214     0     0    28     0    44     0     0     0     0     0     0     0     0     0     0     0     0     0     0     0     0     0     0     0     0     0     0     0     0     0     0     0     0     0     0     0     0     0     1     0     0     0     0     0     0     0     0     0     0     0     0     0     0     0     0     0     0     0     0     0    25     0    23     0     0     0     0     0     0     0     0     0     0     0     8     0     0     0     0     0     0     0     0     0     0
   16:     0     2     1     0     0     0     0     3     0     4     0     0     0     0     0     0  4398  1748     0     0  1145     2     0     0     0     1     0     0     0     0     0     0     0    27     0     0     0     0    38     0     0     0     0     0     1     0     0     0     0     0     0    45     0     0     0     0     0     1     0     0     0     0     2     0     0     2     2     0     0     2    21     0     0     0   430     0     0     3   107     0     0     0     0     0     0    36     0     0     0     0     0     0     0     0     0     0     0     0  1837     0     5
   17:     0     0     7    10     0     0     0     0     0     1     0     0   103     9     0    30   457  4349     0     9     0    22     0     0     0     0     0     0     0     0     0     0     0    16  2017     0     0     0    77     0     0     0     0     0     0     0     0     0     0    69     0     0     0     0     3     0     0     1    40    83     0     0     0     0     0     0   108     0     0   486     7     0     0     5    15     0     0   400     0     0     0     0     0     0     0     5     0     0     0     2     0     0     0     0     0     0     0     0     0    15     0
   18:     0     0     0     0     0     0     0     0     0     0     0     0     0     0     0     0     0     0  4601     0     0    56     0     0     0    66     0     0     0     0     0   205     0     0     0     0     0     0     0     0     0     0     0     0     0     0     0     0     0     0     0     0     0     0     0     0     0     0     0     0     0     0     0     0     0     0     0     0     0     0     0     0     0     0     0    18     0     0     0     0     0    43     0     0     0     0     0   109     0     0     0     0     0     0     0     0     0     0     0     0     0
   19:  1387   824     0     0     0     0     0     0     0     0     0     0     0   271     0     0     0     0     0  2024     0     0     0     0     0     0     0     0     0     0     0     0     0    54     0     0     0     0     0     0     0     0     0     0     0     0     0     0     0    44     0     0     0     0     0     1     0     0     0    49     0   232     0     0     0     0     0     0     0    25     0     0     0     0     0     0     0  5184     0     0     0     0     0     0     0     0     0     0     0     0     0     0     0     0     0     0     0     0     0     0     0
   20:     0     0     0     0   253     0    12     0     0     0     0     8     0     0   394     0    46     0     0     0  4041     0     0     0     0     0     0    22     0   186     0     0   390     0     0     0    14     0     0     5     1     0     0    28     7     8     0   155     0     0   103     2     0     0     0     0   113    11     0     0     0     0     0     0     0     0     0     0     0     4     0     0     0     0     0     0     9     0     0     0     0     0     0     0     0   460    52     0     0     0     0     0     0     0     0     0     1     0     0    53     0
   21:     0     0     0     0     0     6     0   171     0     0     0     1     0     0     0     0     1     0     1     0     5  2373     0     7     0    18     0     0     0     0     9     1     7     1     0    19     0     0     0     3     4    40     0     4    35     0    33     0    92     0     0     0     2     2     0     0     0     0     0     0     0     0     0     0     0     0     0    12     0     1     0     7    24    63    63     0     0     0     0     3    41    35    68    25     0    15     0    86     0     0     0     0     0    17     0     0     0     1     0     0     3
   22:     0     0     0     1     3     0     0   160     0     0     0     0     0     0     0     1     5     0     0     0     0     1  1817   540     0     0     0    47   110    64     0     0     0     0    60     0     0   216     0     6     0     0     0    46    54     0     0     0     0     0     5     0     0     0    29   148     0     0     0     0     0     0     0     1     0     0     0     0     0     0     0     0     0     0     0     0    20     0     0   136   379     0     0    15     0    64     0     0     0     0    12    14     1     0     0     0     0     4     0    15     0
   23:     0     0     2     0     0     0   196     0     0     0     0     0     0     0     0     0     0     0     0     0     0     0  1153  1934     0     0     0     0    25     0   166     0   160     0    25   170     1    15     0     1     4     0     0     0     1     0     0     3     0     0     0     0     0     0     0     0     0     0     0     0     0     0     0     0     0     0     0     0     0     2     0     0     0     0     0     0     0     0     7     0     0     0     0    11     0     0     0     0   551     0     9     1   299    45     0     0     0     0     0     0     0
   24:     0     0     0     0     0     0     0     0     0     0     0     0     0     5     0     0     0     0     0     3     0     0     0     0  5800     0     0     0     0     0     0     0     0     0     0     0     0     0     0     0     0     0     0     0     0     0     0     0     0     1     0     0     0    51     0     0     0     5     0     2     0     0     0     0     0     0     0     0     0     0     0     0     0     0     0     0     0     0     0     0     0     0     0     0     0     0     0     0     0     0     0     0     0     0     0     0     0     0     0     0     0
   25:     0     0     0     0     0     0     0     0     0     0     0     0     0     0     0     0     0     0     0     0     0     0     0     0     0  7807     0     0     0     0     0    21     0     0     0     0     0     0     0     0     0     3     0     0     0     0     0     0     0     0     0     0     0     0     0     0     0     0     0     0     0     0     0     0     0     0     0     0     0     0     0     0     0     0     0     9     0     0     0     0     0    64     0     0     0     0     0     0     0     0     0     0     0     0     0     0     0     0     0     0     0
   26:     0     0     0     0     2    69     0     0     0     0     0     0     1     0     0     0     0     0     0     0     0     7     0     0     0     0 10173     0     0     0     0     0     0     2     0     0     0     0     0     1     0     0     0     0     2     0     0     0     0     0     0     0     0     0     1     0     0     0     0     0  1785     0     0     5     0     0     0     0     0     0    26     0     0     8     1     0     0     0     0     0     0     0     0     0     0     2     1     0     0     0     0     0     0    36     0    47     0     0    12     0     0
   27:     0     0     0     0    15   220   360     0     0     8     0     0     0     0     0    20     0     0     0     0     0     0     0     0     0     0     0  3594     0     0     0     0     0     0     0     0     0     0     0    10     5     1     0     0     4     0     0     0     0     0    25    10     0     0     0     0    24    92     0     0     0     0     0     0     0     0     0     0     3     0     3     0     0     0    57     0     0     0     0     0     0     0     0     0     0    19     0     0     0     0     0    31     0     0     0    10     0     0     0     0     0
   28:     0     0     0     0     0     0    64     0     0     0     0     0     0     0     0     0     0     0     0     0     0     0     0     0     0     0     0     0  2647     0  1048     0     0     0     0     0     0     0     0     0     0    39     0     2     0     0     0     0     0     0     0     0     0     0     0     0     0     0     0     0     0     0     0     0     0     0     0     0     0     0     0     0     0     0     0     0     0     0     0     0     0     0     0     0   490     0     0     0     0     0     0     3     0     0     0     8     0     0     0     0     0
   29:     0     0     0     0   613     0     0     0     4     0     0     0     0     7     3    10     0     0     0     0     0     7     0     0     6    19     0     0     0  4008     0     0     0     0     1     0     3     0     0    68     0     0     0   200    42     0    24     0     0     0     2     0     0     0     0     0   139    19     0     0     0     0     0     0     0     0     0     1    24     0    17    50     0     0     0     0     0     0     0     1     0     0     0     1     0   115    20     0     0     5     0     4     0     0     0    96     0     0     0     0     4
   30:     0     0     0     0     0     0     4     6     0     0     0     0     0     0     0     0     0     0     0     0     0     0     5    74     0     0     0     0   115     5  2781     0     0     0     0     2     0     0     0    28     9     0     0     0     1     0     3     0     0     0     4     0     0     0     0     0     0     0     0     0     0     0     0     0     0     0     0     2     0     0     0     0     1     0     0     0     0     0    58     1     0     0     0     1   114     0     0    14     0     0     0     4     0     2     0     0     0     0     0     0     2
   31:     0     0     0     0   110     0     0     0     0     0     0     0     0     0     0     1     0     0  4548     0     0     0     0     0     0   142     0     0     0    36     0  1976     0     0     0     3     0     0     0     0     0     0     0     7     0     0     0     0     0     4     0     0     0     0     0     0    12     1     0     0     0     0     0     0     0     0     0     0     0     1    12     0     0    13     0     0     0     0     0     0     0   130   153     2     0     1     0     3     0     3     0     0     0     2     0     0     0     0     0     0     0
   32:     0     0    72     0     0     0     0     2     0     0     0     0     0     0     0     0     0     0     0     0     0     0    40    32     0     0     0     0   256     0   774     0  4808     0     0     0     0    25    13     0     0     0     0     0     0     0     0     0     0     0    16     0     0     0     0     0     0     0     0     0     0     0     0     0     0     0     0     0     0     0     0     0     0     0     0     0     0     0    68     0     0     0    23   305     0     0     0     0     0     0    19     0     0     0     0     0     0     0     0     0     0
   33:     0     0     0   205     0     0     0     0     0     0     0     0   602     0     0     1     0    47     0     0     0     1     0     0    22     0     6     0     0     0     0     0     0  2317     1     0     0    42   282     0     0     0     0     0     0     0     5     0     0     0     0     0     0     0     0     0     0    20     0     2     0     0     0     0     0     0     2     0     1     1     0     8     0     0     0     0     0    26     0     0     0     0     0     0     0     0     0     0     0     0     0     0     0     0     0     0     0     0     0     0     0
   34:     5     0   184    45     0     0     0     0     0     6     0     0     0     0     0     0    11     8     0   567     0     0     0     0     0     0     0     0     0     0     0     0     0    68  1176     0    29     0   495     0     0     0     0     0     0     0     3     0     0   130     5     2     0     0   657     0     0     0     0     0     0     0     0     0     0     1     0     0     0     4     0    33     0     0     2     0     0     9     0    48     0     0     0     0     0     1     2     0    27     0     0     0     0     0     0     0     0     0     0     0     3
   35:     0     0     0     0     0     0     0     0     0     0     0     0     0     0   134     0     0     0    16     0     0     4     0    25     0     0     0     0     0     0     7     0    25     0     0  4749     0     0     0     0     0     0     0     0     0     0     0     0     0     0     0     5     0     0     0     0     0     0     0     0     0     0     0     0     0     0     0     0     0     0     0     0     0     0     0     0     0     0   277     0     0     0     0     9     0    25     0     0     0     0     0     0  3086     0     0     0     0     0     0     0     0
   36:     0     0     0   167     0     0     0     0     0     0     0     0     0     5     0     0   767     0     0     0     3     0     0     0     0     0     0     0    12     0     0     0     0     0     0     0  2024    20     0     0     0     0     9     0     0     0     0     2     0     0     0    83     0     0     0     0     0     0     4     0     0     0     0     0     0     0     0     0     0     0     0    27     0     0     0     0     0     0     0     0     0     0     0     0     0     0     3     0     0     0     0     0     0     0     0     0     0     0     0     0     0
   37:     0     0     8   107     0    46     0   223    89    23     0     0     9     0   276    83   365     4     0     1   108    11    37     1     0     0     0     0     0     0    34     0   171     0     6     0   499   203    14     1     0     5    22     0     0     0   129   214     0     0     0    41     0     0   215     0   435     5     0     0     0     0     0     0     0     1     0     0     0    46     0   212     0     0    55     0    17    27   281   291     0     0     0   102     0     7    41     0    25    25     0    68     4    19   371     0    52    74     9     0     0
   38:     0     0     9     3     0     0     0     0     0     0     0     0   282     3     0     7     0   138     0     0     0     1     0     0    22     0     0     0     0     0     0     0     0   357    99     0     0     0  7584     0     0     0     0     0     0     0     0     0     0     0     0     0     0     0    14     0     0     0     1    45     0    52     0     0     0    91     0     0     0     0     1     0     0     0     0     0     0   367     0     0     0     0     0     0     0     1   333     0     0     0     0     0     0     0     1     0     0     0    43     0     0
   39:     0     0     0     1    19     0     1     1    32     0    10     0     0     0     2    20     0     0    55     0    79     0     0     0     0   145     0    15     0   286     0     0     0     0     0    16     0     0     0  1196     1    89     0    20   750     0     0     0     0     0   372     3   187     0     1    27   340    50     0     0     0     0     0     0     0     0     0   259     0     0   107     2     0     0   107    11     8     0    44     3     2     0     1     1     0   125    51     0    13    17     0     0    24     4     0     0    82    16     0     3     0
   40:     0     0     0     0     0     0     0     0     0     0     0     0     0     0     0     0     0     0     0     0     0     0     0     0     0     0     0     0     3     0   327     0     0     0     0     0     0     0     0     0  6231    24     0     0     0     0     0     0     0     0     0     0     1     0     0     0    45     0     0     0     0     0     0     0     0     0     0     0     0     0     2     0     0     0     0     0     0     0     0     0     0     0     0     0    49     0     0     0     0     0     0     0     0     0     0     0     0     0     0     0     0
   41:     0     0     5     0     0     0     0     0     0     0     1     0     0     0     0     0     0     0     0     0     0     0     0     0     0     0     0     0    22     0    70     0    70     0     0     0     0     0     0     0     2  8507     0     0     0     0     0     0     0     0     0     0     0     0     0     0     0     0     0     0     0     0     0     0     0     0     0     5     0     0     0     0     0     0     0     0     0     0     0     0     0     0     0     0     0     0     0     0     8     0     0     0     0     0     0     0     0     0     0     0     0
   42:     0     1     0     0     0     0     0     3     0   113    38     0     0     2    48     0     1     0     0     0     4     0     0     0     0     0     0     0     0     1     0     0     0     0     0    16     0     0     0    21     0     0  1848     0     8     0     3   120     0     0     0     0     0     0     0     0     1   402     3     1    45     0     0     1     0     8     0     5     1     3     0    36     0     0     0    67   210     0     0     6     0     0     0    69     0     0     1     0    88     0     0     0     7   107     0    32     0     0     0     9   161
   43:     0     0     0     0     2     0     1     0    10     0     0     0     0     0     0     0     0     0     0     0     0    89     0     0     0     4     0     0     0    13     0    22     0     0     0     0     0     8     0     0     0     0     0 11070     0     0     0     7    23     0     0     0     0     0     0     4     0     0     0     0     0     0     0     0     0     0     0     0     1     0     0     0     0     0     0     0    30     0    15     1    26     0    36     0     0     0    11    59     0     0     0     0     0     0     0     0     0     0     0     0     0
   44:     0     0     0     0    25     4     2     0     1     0    12     0     0    18     0     1    16     0     0     0     0     3     0     0     0     0     0     0    74     3     1     0     6     0     0     0     0     0     9   642     4     0   212    17  1720     0     0     0     0     0   281     0     0     0     0     0     0     4     0     0     0     1     0     0     0     1     4     7     0     0    45     0     0     0     9     0     8     0    10    43     0     0     0     6     2     2     1     0    11     2     0   162    44    18     0     0    16     5     0     2     4
   45:     0     0    12     0     0     0     0     0     0     0     0     0     1     2     0     0   181     0     0    27     0   888     0     0     0     0     0     0     0     0     0     0  1001     0     0     0     0     0     3     0     0     0     0     0     0  7482     0     0     0     0     0     0     0     0    35    11     0     0   154   177     0    18     8     0    14    27    15     0     0     2     0     0     0     0     0     0     0     0     0     0     0     0    15     0     0     0     0     0     0     0     0     0     0     4     0     0     0     0     0     0     3
   46:     0     0   290     5     0     0     0     0     0     0     0     0     0     0     0     0   433     0     0     0     3     0     0     0     0     0     0     0     0     0     0     0    14     0     1    22   173     0     8     0     0     0     0     0     0     0  1494   121     0     0     0    14     0     0     0     0     0     0     0     0     0     0     0     0     0     0     0     0     0     0     0     0     0     0     0     0     0     1     6     0     0     0     0     1     0     0     0     0     2     0   152     0     0     2     0     0     0     0     0     0   180
   47:     0     0     9    43   109   406     0   412     0     0     0     0     0   306   595     0     0     0     0     0    94     0   470     2     0     0     0     0   105   120     1     0     8     0     0     0    75   474     0    11     0     0   940     0     0    15  1140  1297     1     0    11    98     0     0  1078  1023     0  1383     0    27   553     0     0   532     0     0     0     0     9     0     0     0     0     0     0     0  1038     0    25     0     0     0     0  2110     0   175     4     0     0    32   904    32     0     0     0     0    27     0    98     0    55
   48:     0     0     0     9     4     0     0     0     0     0   104     0     0     0     0     0     0     0     0     0     0    21     0     0     0     0     6     0     0     0     0     7     0     0     1     0     0     2     0     0     0     0     0     0     0     0     0     0  5244     0     0     0     0     0     0     0     0     0     0     0     0     0     0     0     0     0     0     0     0     0     0     0   566     0     0   338     0     0     0     0     9    10     0     4     0     0     0   152    41     0     0     0     0     4     0     0     0     2     0     0     0
   49:     0     0     0     0     0     0     0     0     0     0     0     0     0     0     0     0     0     0     0     0     0     0     0     0   398     0     0     0     0     0     0     0     0     0     0     0     0     0     0     0     0     0     0     0     0     0     0     0     0  6696     0     0     0     0     0     0     0     0     0     0     0     0     0     0     0     0     0     0     0     0     0     0     0    16     0     0     0    84     0     0     0     0     0     0     0     0    11     0     0     0     0     0     0     0   581     0     0     0     0     0     0
   50:     0     0     0     0     6   293     0     0     9     0     0     0     0     0     0    97    25     0    37     0     1     0     9     1     3     0     0     0   116     7     2     0     0     0     1     0     0     0     2     2     0    30     1     0    22     0     0     0     0     2  2913    10     0     0     5     0     0    64     0     1     0     0     0     0     0     0     0    36     0     0     0     0     0     0     0     0     0     0   699     2     0     0     0     0     0     0   114     1     0     2     0    45     2     3     0    47    44     0     0     3     0
   51:     0     0     0    93     3    23     0     0     0   105    89     0     0     3   951     0     0    12     0     0   214     0     0     0     0     0     0    51    14    18     0     3     4     0     0     6    96     6    18     1     0     0    12     0     0    21    36    45     0     0     0  3932    39     0   112     0     0    22     0    14     0     0     0     0     0     0     0     0     0     0     0     0     0     3    43     0     9    29     0     0     0     0     0   119     0     0    62     0    61     0   509  1498    40     0     0     0     0     8     2     1    14
   52:     0     0     0     0     0   884     0     0     0     0     0     0     0     0     0     0     0     0     0     0     0     0     0     0     0     0     0     0     0     0     0     0     0     0     0     0     0     0     0     0     0     0     0     0     0     0     0     0     0     0     0     0  2965     0     0     0     0     0     0     0     0     0     0     0     0     0     0     0     0     0     0     0     0     0     0     0     0     0     0    18     0     0     0     0     0    17     0     0     0     0     0     0     0     0     0     0    15     0     0     0     0
   53:     0     0     0     2     0     0     0     0     0    55     0     0    13   893     0     0     0     4     0     0     6     0     0     0    49     0     0     0     0     0     0     0     0    11     0     0     0     0     0     0     0     0     3     0     0     0     0     0     0     0     0     0     0  3600    54     0     0    26   568   252     0     0     0     0     0     9     0     0     0     0    13     2     0     0     0     0     0     3     0     0     0     0     0     0     0     0     0     0     0     0     0     0     4     0     0     0     0     0     0     0     0
   54:     0     0   121   973     0     0     0     0     0     0     0     0     0     0    82     0   185     0   215     0    45     1     0    44     4     0     0     0     0    17     0     8     0     0    40    27     9     9     0     0     0     0   140     0     0     0     2     0     0     2     0     1     0     0  4343     0     0     0     0     0     0     0     0     0     0     0     0     0     0     9     0     0     0     1     0     0     0     0     0    12     9     0     0     1     0     0     0     0     0    15     0     0     0     0     6     0     0     0    17   237     0
   55:     0     0    66     0     0     4     2    18     0     0     7     0     0     0    72     3     0     0     0     0     3     0     0   124     0     9     3     3    25    12  1054     0   410     0     0     0   702     0     0     3     0   120    30   264     2   555   145    28     0     0     0     5     1     0     3   787     4   119     0     0     2    10     0    35     0     0     9     0     7     0    13     1     0     0     4     0    86     0     0    21     0     0     0   145     0     0     0     0   117     7   899     0    53  1724     0     2     0    31    35     0   620
   56:     0     0     0     0    91     0     0     0     0     0     0     0     0     0     0     0     0     0     0     0     0     0     0     0     0     0     0     0     0     0     0     0     0     0     0     0     0     0     0     0     0     0     0     0     0     0     0     0     0     0     0     0     0     0     0     1  4681     0     0     0     0     1     0     0     0     0     0     0     0     0     0     0     0     0   287     0     0     0     0     0     0     0     0     0     0    11     0     0     0     0     0     0     0     0     0    53     0     0     0     0     0
   57:     0     0    66     0     0    23     0     0     0     3     0     0     8    29     2    27     0   170     0     0     7     0     0     0     0     1   104    36     0     0     0     0     0    13     0     0     0     2    21     0     0     0    19     1     0    10     4     0     0     0     0    12     0    26   234    34     0  1027     0    58   115     0     6     8     0     4   135     0   337     0    44    18     0     0   205     0   542     0     0     0     0     0     0     0     0     3   276     0    14     9     0     0     0     0     0     0     0     9     0     0     1
   58:     0     0     0     0     5     0     0     0     0     0     0     0   105     0     0     0     0     0     0     0     0     0     0     0     0     0    19     0     0     0     0     0     0     0     0     0     0     0     0     0     0   903     0     0     0     0     0     0     0     0     0     0     0     0     0     0     0     0  6727     0     2   434     0     0     0     0   108     0     0     0     0     0     0     0     0     0     0     0     0     0     0     0   376     0     0     0     0     0     0     0     0     0     0     0     0     0     0     0     0     0     0
   59:     0     0     3     0     0     0     0     0     0     0     0     0     8     0     0     0    22     0     0     0     0     0     0     0     0     0    28     0     0     0     0     0     0     6     0     0     0     0   474     0     0     0     0     0     0     4    64     0     0     0     0     0     1    34     2     0     0     0    73 10013     0   234   675     0     0     0     0     0     0     0     0     0     0     0     0     0     0     3     0     0     0     0    17     0     0     0     0     0     0     0     0     0     0     0     0     0     0     0     1     0     0
   60:     0     0    51     0     0     0     0     0     0     0     0     0   176    14     0     0     1     0     0     0     0     0     0     0     0     0     0     0     0     0     0     0     0     9     0     0   148     0     0     0     0     0     0     0     0     1     2     0     0     0     0     0     0     0     0     2     0    33   621     0 13912     0     0     0     0     0     0     0     0    19     0     0     0     0    76     0     0     0     0     0     0     0     0     0     0     0     0     0     0     6     0     0     0     0     0     0     0     0     0     0     0
   61:     0    23     0     0     0     0     0     0     0     0     0     0     0     6     0     0     0    12     0    13     0   616     0     0     0     0     0     0     0     0     0     0     0     0     0     0    16     0     6     0     0     0    21     0     0     0     0     0     0    27     0     1     0     0     0     0     0    16     0     8     0 10833     0    14     0     0    50     0     0     0     0     0     0     0     0     0     5   163     0     0     0     0     0     0     0     0     0     0    10     0     0     0     0    60     1     0     0     0     0    19   160
   62:     0     0     0     0     0     0     0     0     0     0     0     0     0     0     0     0     0     0     0     0     0     0     0     0     0     0     0     0     0     0     0     0     0     0     0     0     0     0     0     0     0     0     0     0     0     0     0     0     0     0     0     0     0     0     0     0     0     0   554     0   174  1195  8461     0     0     0     0     0     0     0     0     0     0     0     0     0     0     0     0     0     0     0     0     0     0     0     0     0     0     0     0     0     0     0     0     0     0     0     0     0     0
   63:     0     0     0     0     0     0     0     0     0     0     0     0     0     0     0     0     0     0     0     0     0   185     0     0     0     0     0     0     0     0     0     0     0     0     0     0     0     0     0     0     0     0     0     0     0     0     0     0     0     0     0     0     0     0     0    36     0     0     0     0     3     1     0  5935     0     0     0     0     0     0     0     0     0     1     0     0     0     0     0     0     0     0     0     0     0     0     0     0     0     0     0     0     0     0     0     0     0     0     0     0     0
   64:     0     0     0     0     0     0     0     0     0     0     0     0     0     0     0     0     0     0     0     0     0     0     0     0     0     0     0     0     0     0     0     0     0   210     0     0     0     0     0     0     0     0    16     0     0     0     0     0     0     0     0     0     0     0     0     0     0     0   621     0    87   145     4     0 11850     0   595     0     0     0     0     0     0     0     0     0     0     0     0     0     0     0     0     0     0     0     0     0     0     0     0     0     0     0     0     0     0     0     0     0     0
   65:     0     0     0     0   226     0     0     0     0     0     0     0     0     0     0     8     0     0     0     0     0     0     0     0     0     5    21     0     0     0     0     0     0     0     0     4     0     0     0     0     0     0     0     0     0     0     0     0     0     0     0     0     0     0     0     0     0     0   570     0     0    29     8     0     0  7282   187     1     0     0     0     0     0     0    25     0     0     0     0     0     0     0     0     0     0    27     0     0     0     0     0     0     0     0     0     0     0     0     0     0     0
   66:     0     0    30     0     0     1     0     0     0     0     0     0     0     0     0     0     0     0     0     0     0     0     0     0     0     0   171     0     0     0     0     0     0     3     0     0     0     0    23     0     0     0     0     0     0    33     0     0     0     0     0     0     2     0     0     7     0     0    51     0     0   125    58   477     0    22  4073     0     0     9     0     0     0     0     0     0     0     1     0     0     0     0     3     0     0     1     0     0     0     1     0     0     0     0     0     0     0     0     0     5     0
   67:     0     0     0     0    49    71     2    25     2     0    10     0     0     0     0     0    12     0     0     0     5    60     0    14     0   154     1     0    13    29   490     0   208     0     0     1     0     4     5   274    17    42     9     0   382     0     4     0     2     0    85     1   172     0     1     1    11    15     0     1     0     0     0     2     0     0     0  5013     3    24    22     0     0     0    16    34     0     0    95     1    21     5    24    23     0   123     0     0    53     5     0    12     2    72     0     0     3     9     0    15     0
   68:     0     0     0     0   791     0     0     0     0     0     0     0     0     3     3     0     0    96     0     0     3     0     0     0     0     0     0     0     0     3     0     0     0     0     0     0   185   134     0     0     0     0     0     0     0     0     0     0     0     0     0     0     0     2     4     0  2188     0    51     0     0     0     0     0     0     4     0     0  7621     0     0     0     0     0   219     0     0     0     0     0     0     0     0     0     0   534     0     0     0     0     0     0     0     0     0     0     0     0     0     0     0
   69:     0     0     0     0     0     0     0    16     0     0     2     0     0     0     0     0     0     3     0     0     0     0     0     0     0    28     0     0     0     0     0     0    10     0     0     0     0     0     0     0     0     0     0     0    23     1    52    38     0     0     0     0     0     0     0     1     0     0     0     0     2     0     0     0     0     0     0   281     0  1994     0     0     0     0   774     0     0     0     0     0     0     0     0     0     0   411     0     0   285     0     0     0     0     0     0     0     0     1     0     0     0
   70:     0     0     0     3     0     0     0     0     0     1     0     0     0     0     0     1   134   183     0     0    35     0     0     0     0     0     0     0     0     0     0     0     0     0     0     0     0     0     3     1     0     2     0     0     0     1     2     2     0     0     0     0     0     0     3     1     5    20     0     0     0     0     0     0     0     0     2     0     0     0  8641     4     0     0     7     0    13     0     0     7     0     0     2     0     0     0     0     0     0     0     0     0     0     0     0     0     0     0     0     2     0
   71:     0     0     0   305     0     0     0     0     0   138     0     0     0     0   213     0   320     0     0     0     0     0     0     0    10     0     0     0     0    94     0     0     0     0     0     0    97     0     0     0     0     0     0     0     0     0     0     0     0     0     0     3     0     0   111     0     0     0     0     0     0     0     0     0     0     0     0     0     0     0     0  1299     0     0     0     0     0     0     0     0     0     0     0     0     0     0    13     0     0     0     1     0     0     0    22     0     0     0     0     0     0
   72:     0     0     0     0     0     0     0     0     0     0     0     0     0     0     0     0     0     0   218     0     0    25     0     0     0     0     0     0     0     0     0     0     0     0     0     0     0     0     0     0     0     0     0     0     0     0     0     0   238     0     0     0     1     0     0     0     0     0     0     0     0     0     0     0     0     0     0     0     0     0     0     0  4700     0     0     1     0     0     0     0    64     7     0     0     0     0     0   181     0     0     0     0     0     0     0     0     0     0     0     0     0
   73:     0     0     0    22     0     0     0     0     0     0     0     0     0    64     0     0     0     0     0     2     0     6     0   791     0     0     0     0     0     0     0     0     0    11     0     0     0     0     3     2     0     0     2     0     0     0     0     0     2     0     0     0     2     0    70    15     3     0     7     0     0     0     0     0     0     0     6   343     3    42     0     0     0 15319    36     0     0     0     0     0     0     0     0     0     0    54     0     0   116     0     8     0     0     0     0     0     0     0     0     0     0
   74:     0     0     0     0   139     0     0     0     3    13     1     0     0     0    75     0     1     4     0     0   174    19     0    89     0     6     0     0     0    39     0     0     0     0     0    48   170    86     0    10     0     0   101     3     0     3     9    12     0     1     0    20     0     0    21    97   167   337     0     0    20     0     0     0     3     0     0   137     0   496     0     3     0    46  2669     0     0     0     0     8    19     0    89     2     0    99     0    15     9     2     0     1    15     5     0     0   345     0    24    23    15
   75:     0     0     0     0   123     0     0     0     0     0     0     0     0     0     0     0     0     0     1     0     0     0     0     0     0    44     0     0     0     6     0     1     0     0     0     0     0     0     0  1173    22     0     0     1     0     0     0     0     0     0     0     0    84     0     0     0     0     0     0     0     0     0     0     0     0     0     0     0     0     0     0     0     1     0     0 10326     0     0     0     0     0   390     0     0     0     0     0     0     0     0     0     0     0    64     0     0     0     0     0    10     0
   76:     0     0    11     0   835     0     0     0     1     0     0     0     0     0    12    89    22     0     0     0    15     0     2     0     0     0     0     0     0   271     0     0     0     0     0     0     0     0    22    34     0     0   155   676     0     1    21  1047     0     0     0    26     0     0   739    42     0    15     0     0     0     0     0     0     0     0     0     0    52     0     0     0     0     0     0     0  4814     0     0     3     3     0     0     0     0     0     5     0     0     2   519     0     0     0     0     0     0     0    37    56    16
   77:  1606   481     0     0     0     0     0     0     0     0     0     0    34    38     0     0    21    26     0   696     0     0     0     0     0     0     0     0     0     0     0     0     0   205     0     0     0     0  1581     0     0     0     0     0     0    54     0     0     0   201     0     0     0     0     0     0     0     0    53     2     0    30     0     0     0     0     0     0     0    25     0     0     0     0     9     0     0  5071     0     0     0     0     0     0     0     0     0     0     0   153     0     0     0     0     0     0     0     0     0     0     0
   78:     0     0     0     0    12     0   454   335     0     0     0     0     0     0     0     0     0     0     0     0     0     0   130     0     0     0     0     0     0     0    20     0    95     0     0    31     0     0     0    30     0     0     0     0     0     0     0     0     0     0   446     2     0     0     0     0     0     0     0     0     0     0     0     0     0     0     0     0     0     0     0     0     0     0     0     0     0     0  2320     0     0     0     0     0    75     0     0     0     0     1     0     0   112     0     0     0     0     0     0     0     0
   79:     0     0     0     0     0     0     0    33     0     0    95     0     0     0    45     0    16     0    82     0     0   131     4     0     0     3     0     0   124     0     6     4     0     0     0     0     0     0     0    35     0     7     5     0     0     0     1     0     3     0    78   352     0     0     0     0    36     4     0     0    31     0     0     0     0     0     0     0     0    34     0     0     2     1     0     0     2     0    35  3247   132    41     3    51     0     0     0    18     1     3     0     0     2     9     0    78     2    75     0     0     1
   80:     0     0     0     0    54     1     0     0     7     0     3     0     0     0     4   148     0     0    33     0     2   205    20    10     0     0     0    60     0   152    25    17     4     0     0    31     0   670     0     0     2     0     0    28     0     1     1    23   644     0    16     8    11     0   144     0     0     6     0     0     0     0     0     0     0     0     0     0     0     0     0     0     9    19     9     5    33     0     1   273  5575   293     2    58     0   133     0    74     0    10    73     6     0     0     0    45    27     2     0     0     0
   81:     0     0     0     0     0     0     0     0     0     0     0     0     0     0     0     0     0     0     0     0     0     0     0     0     0     6     0     0     0     0     0     0     0     0     0     0     0     0     0     0     0     0     0     0     0     0     0     0    11     0     0     0     0     0     0     0     0     0     0     0     0     0     0     0     0     0     0     0     0     0     0     0    15     0     0    68     0     0     0     0     1  6264     0     0     0     0     0   509     0     0     0     0     0     0     0     0     0     0     0     0     0
   82:     0     0     0     0     0     0     0     0     0     0     0     0     0     0     0     0     0     0     0     0     0    42     0     2     0     0     0     0     0     0     1     0     0     0     4     1     0     1     0     4     0     0     0     0     0     0     0     0     1     0     0     0     0     0     0     0     0     0     0     0     0     0     0     0     0     0     0     0     0     0     0     0    33     3     6     0     0     1     0     1   117    26  4416     0     0     0     0    36     0     0     0     0     0     0     0     0     0     0     0     0     0
   83:     0     0   240     9     0     0   607   362     0     0     0     0     0     0   738     0     0     0     0     0     6     0     0    32     0     0     0     5     0     0     0     0   259     0     0     1     3   525     0     0     0    69     0     0     3     0     0   672     0     0     0   478     0     0    16     0     0  1044     0     0     0     0     0     0     0     0     0     0     4     0     0    53     0     0     0     0     7     0   988    27     0     0     0  4392     0     0    52     0     0     0     0   916   958     1     0     0     0     0     0     0     0
   84:     0     0     0     0     0     0     0     0     0     0     0     0     0     0     0     0     0     0     0     0     0     0     0     0     0     0     0     0     0     0     0     0     0     0     0     0     0     0     0     0     0     0     0     0     0     0     0     0     0     0     0     0     0     0     0     0     0     0     0     0     0     0     0     0     0     0     0     0     0     0     0     0     0     0     0     0     0     0     0     0     0     0     0     0  3843     0     0     0     0     0     0     0     0     0     0     0     0     0     0     0     0
   85:     0     0     0     0   378     2     0     0     0     0     0     0     0     0     0     0    18     0     0     0     6     0     0     0     0     0     0    17     8    64     0     0     0     0     3     0     0     5     0     1     0     0     0     0     0     0     0     0     0     0    13     0     0     0     0     0   178     2     0     0     0     0     0     0     0     0     0    91     0     1     5     0     0     0     0     0     0     0    29     0     0     0     0     0     0  3821     4     0     0     1     0     0     0     0     0   173     0     0     0     0     0
   86:     0     0     0     3     0     0     0     0     0     0     0     0     0     0     0     0     0     4     0     0     0     0     0     0     0     1     0     1     0     0     0     0     0     0     0     0     6     0     1     0     0     0    47   142     0     0     0     0     0     0     0     0     0     0     0     0     0     0     0     0     0     0     0     0     0     0     0     0     3     0     5     3     0     0     0     0     0     0     0    48     0     0     0     0     0     1  6373     0     0     0     0     1    85     0     0     0     0     0     0     0     0
   87:     0     0     0     0     0     0     0     0     0     0     0     0     0     0    10     0     0     0     0     0     0    74     0     0     0     0     0     0     0     1     0     0     0     0     0     0     0     0     0     1     0     2     0     2     0     0     0     0     5     0     0     0     0     0     0     0     0     0     0     0     0     0     0     0     0     0     0     0     0     0     0     7    29     0     0    84     0     0    32    55    30    50     6     0     0     0     0  5846     0     0     1     0     0     0     0     0     0     0     0     0     0
   88:     0     0     4     0     0     0     0    10     0     0    61     0     0     0     0     0     0     0     0     0     0     0     0     0     0    19     4     0     0     0     1     0   117     0     0    17     0     0     0     0     0    33     0     0     3     0     0     0     0     0   464    72     0     0     0     0     0     0     0     0     0     0     0     0     0     0     0     0     0     0     0     0     0     0     2     0     0     0     0     0     0     0     0   127     0     1     0     0  4802     0     0     0     0   915     0     0    14   380     0     0     0
   89:     0     0     0     0     2     0     0   165     0     0     0     0     0     0   452     0     0     0     0     0    46     0     0     0     0     0     0     0     0     0     0     0     0     0     0     0     0     0     0     0     0     0     0     0     0     0     0     0     0     0     0     0     0     0     0     0    37    41     0     0     0     0     0     0     0     0     0     0     0     0     0     3     0     0     0     0     0     0     0     0     0     0     0     0     0     0     0     0     0  5108     0     0     0    20     0     0     0     0     0     0     0
   90:     0     0     0     0     0     0     0     0     0     0     0     0     0     0     0     0     0     0     0     0     0     0     0     0     0     0     0     0     0     0     2     0     0     0     0     0     4     1     0     0     0     0     0     0     0     0     0    91     0     0     0     0     0     0   445     0     0     0     0     0     0     0     0     0     0     0     0     0     0     0     0    38     0     0     0     0     2     0     0     0     0     0     0     1     0     0     0     0     0   177  3391   479     0     0     0     0     0    76     0     0     0
   91:     0     0     0     0     0     0     0     0     0     0     4     0     0     0     0     0     0     0     0     0     0     0     0   324     0     0     0     0   315    94    36     0   185     0     0   561     0     0     0     0     0   227     0     0     2     0     0     0     0     0     0     0     0     0     0     5     0     0     0     0     0     0     0     0     0     0     0    45     0     0     0     0     0     0     0     0     0     0     0    20   105     0     0   204     0     0     0    83   239     0     1  3713     2    98     0     0     0     0     0     0     0
   92:     0     0     0     0     4     0    27     0     0     0     0     0     0     0     0     0     0     0     0     0     0    10     0    85     0     0     0     0     0     0     0     0    35     0     1   483     0     0     0     0     0    19     2     0    37     0     0    13     0     0     0     0     0     0     0     2     0     0     0     0     0     0     0     0     0     0     0    11     0     0     0     0     0     0     0     0     2     0    37     0     0     0     8     0     0     0     0     0     0     0     3    47  2565   365     0     0     0     0     0     0     6
   93:     0     0     0     0     0     0     0     0     0     0     0     0     0     0     0     0     0     0     0     0     0     1     0     0     0     9     0     0     0     0     0     0     0     0     0     0     0     0     0     3    87   108     0     0     0     0     0     0     0     0     0     0     0     0     0     0     0     0     0     0     0     0     0     0     0     0     0     0     0     0     0     0     0     0    25     0     0     0     0     3    53    26    54     2     0     0     0     3     0   308     0     0   143  6504     0     0     8    12     0     0     0
   94:     0     0     0     0     0     0     0     0     0     0     0     0     0     0     0     0     0     0     0     0     0     0     0     0     0     0     0     0     0     0     0     0     0     0     0     0     0     0   542     0     0     0     0     0     0     0     0     0     0     0     0     0     0     0     0     0     0     0     0     0     0     0     0     0     0     0     0     0     0     0     0     0     0     0     0     0     0     0     0     0     0     0     0     0     0     0     0     0     0     0     0     0     0     0  7607     0     0     0     0     0     0
   95:     0     0     0     0   101     0     0     0     0     3     1     0     0     0     0     0     0     0     0     0     0     0     0     0     0     5     2     0     1     0     0     0     0     0     0     0     0     0     0     0     0     0     0     0     0     8     0     0     0     0     0     0     0     0     0     0   357     0     0     0     0     0     0     0     0     0     0     0     0     0     1     0     0     1     0     0     0     0     0     0     0     0     0     0     0    20    37     0     0     0     0     0     0     0     0  3209     0     1     0     0     0
   96:     0     0     0     0     3     0     0     0     0     0     0     0     0     0     0     8     0     0     0     0     0     0     0     0     0     1     0     0     0     0     0     0     0     0     0     0     0     0     0    36     0     0     0     0    10     0    10     0     0     0    47     0     0     0     0     0    69     0     0     0     0     0     0     0     0     0     0   112     0     0     0     0     0     0     0     0     0     0     0     0     0     0     0     0    16     0     0     0     0     0     0     0     0     0     0     0  2913     0     0     0     0
   97:     0     0    21    10     5     0     0     3     0     0    82     0     4     0     0     0     0     0     0     0     0     2     7     0     0     0     0     1     1     0    23     0   215    28    15     0     3     6     0   322     0   170     3    44     3     0    18    27    82     0     0     0    84     0    89    32     0    25     0     0     0     0     3     0     0     0     0     0     0     0     0     2    89     0     7     0     4     0     0   149  1343     0     0   140     0     0     0     0   140     0    41     0     0    35     0     0    24  4401     0    17     0
   98:     0     0     0     0     0     0     0     0     0     0     0     0     5     0     9     0     2     0     0     0     0     2     0     0     0     0     0     0     0     0     0     0     0     0     0     7   165     0     0     0     0     0     0     0     0   199     0     0     0     0     0     0     0     0    20     0     0     0     0     0     0     0     0     0     0     0     0     0     0    63     0     0     0     0     0     0   535     0     0     0     0     0     0     0     0     0     0     0     0   141     0     0   462     0     0     0     0     0  1637     0   424
   99:     0     0    10     0     0     0     0     0     0     0     0     0     0     0     0     0     0     0     0     0     0     0     0     0     0     0     0     0     0     0     0     0     0     2     0     0     3     0     0     0     0     0     0     0     0    51     0     0     0     1     0     0     0     0     2     0     0     0     0    83     0    16     0     0     0     0     0     0     0    22     0     0     0     1     0     0     0     0     0     0     0     0     0     0     0     0     0     0     0    19     0     0     0     0     0     0     0     0    19  5921    71
  100:     0     1   477   301   140     0     0     0     0     0     0     0     6    74   128    35    27    21     0     0    87   221     0     2     0     0     4     0     0    17    12     0     0    83    45    37     0     0     0     2     0     0   111     0     0   750    43     1     0     3    19    21     0     2   192    98    66    62    13    50    31   254     0     2     0    12    35     3     0    21     0     0     0    58   187     0     5     2    37     0     0     0     2     0     0     0     0     0   176    37   135     0     5     0     1     0     0     0    92   299  1963
------------------------------------------------------------------------------------------------------------------------------------------------------------------------------------------------------------------------------------------------------------------------------------------------------------------------------------------------------------------------------------------------------------------------------------------------------------------------------------------------------------------------------------------------------------------------------------------------------------------------------------
              precision    recall  f1-score   support

           0   0.567308  0.613322  0.589418      7311
           1   0.557495  0.785313  0.652078      6223
           2   0.528377  0.392869  0.450657      6114
           3   0.689567  0.814715  0.746936      6320
           4   0.439533  0.924086  0.595718      3583
           5   0.755912  0.871848  0.809751      7296
           6   0.645445  0.787659  0.709496      4003
           7   0.460396  0.426714  0.442916      3923
           8   0.836678  0.996251  0.909519      2134
           9   0.879352  0.959925  0.917874      5315
          10   0.926516  0.734295  0.819282      8946
          11   0.999293  1.000000  0.999646     12714
          12   0.575616  0.321043  0.412192      5750
          13   0.597300  0.931795  0.727961      2991
          14   0.151239  0.251082  0.188771      3696
          15   0.896647  0.953548  0.924222      5468
          16   0.585463  0.445909  0.506245      9863
          17   0.635261  0.521088  0.572538      8346
          18   0.467819  0.902511  0.616219      5098
          19   0.479280  0.200495  0.282721     10095
          20   0.632592  0.633584  0.633088      6378
          21   0.463115  0.719309  0.563457      3299
          22   0.490418  0.457222  0.473239      3974
          23   0.466361  0.404518  0.433244      4781
          24   0.826564  0.988580  0.900342      5867
          25   0.907158  0.987728  0.945730      7904
          26   0.964723  0.835153  0.895274     12181
          27   0.924621  0.796719  0.855918      4511
          28   0.655360  0.615438  0.634772      4301
          29   0.715587  0.727009  0.721252      5513
          30   0.396549  0.859394  0.542687      3236
          31   0.872406  0.275978  0.419310      7160
          32   0.566447  0.745080  0.643598      6453
          33   0.386295  0.645224  0.483262      3591
          34   0.314019  0.333996  0.323699      3521
          35   0.756331  0.567926  0.648726      8362
          36   0.418701  0.647473  0.508543      3126
          37   0.079359  0.039710  0.052934      5112
          38   0.639137  0.802200  0.711445      9454
          39   0.281942  0.260113  0.270588      4598
          40   0.968901  0.932505  0.950355      6682
          41   0.765431  0.978941  0.859119      8690
          42   0.482885  0.529513  0.505125      3490
          43   0.877666  0.968334  0.920774     11432
          44   0.520896  0.497397  0.508876      3458
          45   0.791830  0.742262  0.766245     10080
          46   0.451087  0.511294  0.479307      2922
          47   0.305896  0.081845  0.129138     15847
          48   0.825827  0.803801  0.814665      6524
          49   0.932071  0.860005  0.894589      7786
          50   0.591112  0.625510  0.607825      4657
          51   0.728013  0.471406  0.572260      8341
          52   0.829139  0.760451  0.793311      3899
          53   0.968523  0.646668  0.775528      5567
          54   0.485631  0.660532  0.559737      6575
          55   0.324670  0.093646  0.145364      8404
          56   0.503171  0.913366  0.648877      5125
          57   0.209208  0.280371  0.239617      3663
          58   0.664986  0.775089  0.715829      8679
          59   0.909281  0.858601  0.883214     11662
          60   0.828342  0.923097  0.873156     15071
          61   0.784659  0.896772  0.836978     12080
          62   0.915891  0.814811  0.862399     10384
          63   0.846406  0.963318  0.901086      6161
          64   0.998567  0.875961  0.933255     13528
          65   0.974181  0.867628  0.917822      8393
          66   0.755238  0.799254  0.776623      5096
          67   0.780841  0.646922  0.707601      7749
          68   0.944479  0.643611  0.765545     11841
          69   0.570040  0.508414  0.537466      3922
          70   0.959046  0.952176  0.955599      9075
          71   0.711781  0.494669  0.583689      2626
          72   0.850525  0.864765  0.857586      5435
          73   0.977788  0.904897  0.939931     16929
          74   0.483953  0.468821  0.476267      5693
          75   0.941294  0.843214  0.889559     12246
          76   0.615759  0.504454  0.554576      9543
          77   0.428547  0.493000  0.458520     10286
          78   0.425142  0.571007  0.487395      4063
          79   0.562348  0.671978  0.612295      4832
          80   0.687932  0.621032  0.652772      8977
          81   0.848206  0.911260  0.878603      6874
          82   0.824650  0.940575  0.878806      4695
          83   0.522422  0.352290  0.420811     12467
          84   0.837437  1.000000  0.911528      3843
          85   0.572864  0.792739  0.665100      4820
          86   0.827018  0.947799  0.883299      6724
          87   0.813187  0.937610  0.870977      6235
          88   0.699694  0.681521  0.690488      7046
          89   0.819904  0.869595  0.844019      5874
          90   0.504763  0.720416  0.593611      4707
          91   0.436208  0.592847  0.502606      6263
          92   0.314608  0.681818  0.430550      3762
          93   0.635342  0.885018  0.739679      7349
          94   0.885358  0.933489  0.908787      8149
          95   0.833723  0.856418  0.844918      3747
          96   0.708759  0.903256  0.794274      3225
          97   0.853403  0.570078  0.683544      7720
          98   0.361369  0.445928  0.399220      3671
          99   0.883072  0.951776  0.916138      6221
         100   0.523606  0.301629  0.382763      6508

    accuracy                       0.698879    685824
   macro avg   0.666503  0.690834  0.664603    685824
weighted avg   0.706635  0.698879  0.689305    685824
-----------------------------------------------------
Accuracy Macro Average: 0.690834
