Confusion Matrix:
       0   1   2   3   4   5   6
  0: 255  15   6   5  12  16   0
  1:   7 107   3   0   0  18   0
  2:   3   9 164   0   1   0   0
  3:   0   0  10  62   3   0   0
  4:   0   0   0   0 207   0   0
  5:   6   0   0   3   0  75   0
  6:   6   0   0  11   0   0 232
--------------------------------
              precision    recall  f1-score   support

           0   0.920578  0.825243  0.870307       309
           1   0.816794  0.792593  0.804511       135
           2   0.896175  0.926554  0.911111       177
           3   0.765432  0.826667  0.794872        75
           4   0.928251  1.000000  0.962791       207
           5   0.688073  0.892857  0.777202        84
           6   1.000000  0.931727  0.964657       249

    accuracy                       0.891586      1236
   macro avg   0.859329  0.885091  0.869350      1236
weighted avg   0.897817  0.891586  0.892555      1236
-----------------------------------------------------
Accuracy Macro Average: 0.885091
