Average: 0.891586
Micro Average: 0.891586
Macro Average: 0.869350
Confusion Matrix:
           0        1        2        3        4        5        6
 0:      255       15        6        5       12       16        0 
 1:        7      107        3        0        0       18        0 
 2:        3        9      164        0        1        0        0 
 3:        0        0       10       62        3        0        0 
 4:        0        0        0        0      207        0        0 
 5:        6        0        0        3        0       75        0 
 6:        6        0        0       11        0        0      232 
