Confusion Matrix:
       0   1   2   3   4   5   6   7   8
  0: 949   3   6   4   2   0   0  33   3
  1:   7 955   0   0   0   0   0   8  30
  2:  20   0 876  34  35  18   7  10   0
  3:   6   2  11 876  16  69  10   7   3
  4:   1   0   8  15 951   8  16   0   1
  5:   1   0   4  77  15 899   4   0   0
  6:   7   0   7  11  24  21 929   1   0
  7:  18   2   1   1   1   1   1 971   4
  8:   8  22   1   0   0   0   0  12 957
----------------------------------------
              precision    recall  f1-score   support

           0   0.933137  0.949000  0.941001      1000
           1   0.970528  0.955000  0.962702      1000
           2   0.958425  0.876000  0.915361      1000
           3   0.860511  0.876000  0.868186      1000
           4   0.910920  0.951000  0.930528      1000
           5   0.884843  0.899000  0.891865      1000
           6   0.960703  0.929000  0.944586      1000
           7   0.931862  0.971000  0.951028      1000
           8   0.958918  0.957000  0.957958      1000

    accuracy                       0.929222      9000
   macro avg   0.929983  0.929222  0.929246      9000
weighted avg   0.929983  0.929222  0.929246      9000
-----------------------------------------------------
Accuracy Macro Average: 0.929222
