Confusion Matrix:
       0   1   2   3   4   5   6
  0: 145  51   8  72   9  23   1
  1:   2  94  12   9   0  18   0
  2:   3   5 167   0   2   0   0
  3:   0   0  12  57   6   0   0
  4:   0   0   0   0 207   0   0
  5:   3   6   3  14   0  58   0
  6:   2   0   0  10   1   0 236
--------------------------------
              precision    recall  f1-score   support

           0   0.935484  0.469256  0.625000       309
           1   0.602564  0.696296  0.646048       135
           2   0.826733  0.943503  0.881266       177
           3   0.351852  0.760000  0.481013        75
           4   0.920000  1.000000  0.958333       207
           5   0.585859  0.690476  0.633880        84
           6   0.995781  0.947791  0.971193       249

    accuracy                       0.779935      1236
   macro avg   0.745467  0.786760  0.742391      1236
weighted avg   0.833926  0.779935  0.781432      1236
-----------------------------------------------------
Accuracy Macro Average: 0.786760
