Average: 0.779935
Micro Average: 0.779935
Macro Average: 0.742391
Confusion Matrix:
           0        1        2        3        4        5        6
 0:      145       51        8       72        9       23        1 
 1:        2       94       12        9        0       18        0 
 2:        3        5      167        0        2        0        0 
 3:        0        0       12       57        6        0        0 
 4:        0        0        0        0      207        0        0 
 5:        3        6        3       14        0       58        0 
 6:        2        0        0       10        1        0      236 
