Confusion Matrix:
       0   1   2   3   4   5   6
  0: 262  14   3   3   1  26   0
  1:  10 108   3   0   0  14   0
  2:   3  20 154   0   0   0   0
  3:   0   0   3  70   0   2   0
  4:   0   0   1   0 206   0   0
  5:   8   2   0   1   0  73   0
  6:   5   0   0   5   0   0 239
--------------------------------
              precision    recall  f1-score   support

           0   0.909722  0.847896  0.877722       309
           1   0.750000  0.800000  0.774194       135
           2   0.939024  0.870056  0.903226       177
           3   0.886076  0.933333  0.909091        75
           4   0.995169  0.995169  0.995169       207
           5   0.634783  0.869048  0.733668        84
           6   1.000000  0.959839  0.979508       249

    accuracy                       0.899676      1236
   macro avg   0.873539  0.896477  0.881797      1236
weighted avg   0.908850  0.899676  0.902355      1236
-----------------------------------------------------
Accuracy Macro Average: 0.896477
