Average: 0.899676
Micro Average: 0.899676
Macro Average: 0.881797
Confusion Matrix:
           0        1        2        3        4        5        6
 0:      262       14        3        3        1       26        0 
 1:       10      108        3        0        0       14        0 
 2:        3       20      154        0        0        0        0 
 3:        0        0        3       70        0        2        0 
 4:        0        0        1        0      206        0        0 
 5:        8        2        0        1        0       73        0 
 6:        5        0        0        5        0        0      239 
