Average: 0.674040
Micro Average: 0.674040
Macro Average: 0.635974
Confusion Matrix:
           0        1        2        3        4        5        6        7        8        9       10       11       12       13       14       15       16       17       18       19       20       21       22       23       24       25       26       27       28       29       30       31       32       33       34       35       36       37       38       39       40       41       42       43       44       45       46       47       48       49       50       51       52       53       54       55       56       57       58       59       60       61       62       63       64       65       66       67       68       69       70       71       72       73       74       75       76       77       78       79       80       81       82       83       84       85       86       87       88       89       90       91       92       93       94       95       96       97       98       99      100
 0:     2723     3936        0        0        0        0        0        0        0        0        0        0        7       82        0        0        0        0        0       64        0        0        0        0        0        0        0        0        0        0        0        0        0       74        0        0        0        0        0        0        0        0        0        0        0        0        0        0        0        0        0        0        0        0        0        0        0        0        0        0        0      418        0        0        0        0        0        0        0        0        0        0        0        0        0        0        0        7        0        0        0        0        0        0        0        0        0        0        0        0        0        0        0        0        0        0        0        0        0        0        0 
 1:       40     4918        0        0        0        0        0        0        0        0        0        0        0        0        0        0        0        0        0      673        0        0        0        0        0        0        0        0        0        0        0        0        0       44        0        0        0        0      332        0        0        0        0        0        0        0        0        0        0        0        0        0        0        0        0        0        0        0        2        0        0        0        0        0        0        0        0        0        0        0        0        0        0        0        0        0        0      214        0        0        0        0        0        0        0        0        0        0        0        0        0        0        0        0        0        0        0        0        0        0        0 
 2:        0        0     2412        0        1        0        0        1        0        0        0        0        0        0      206        0        4      638        0        0        0        0        0        5        0       64        0        0        1       42        0        1      150       11       22        0        0        0       22        0        0      231       19        5        1       12        0        0        1        2       13        6        0        0        0       17      160       15        3        0       18        1        0        0        0        1        0        0        0      332        0        0        0        0      110        9      342        0      272        0      228        0       64        3        0        5        2        0        0      101        0       94      214        0        0        0        2        0      177        0       74 
 3:        1       44       49     4472        0        0        0        0        0        0        0        0        1        3        0        0        0        0        3      143        0        0        3        0     1000        0        0        0        0        0        0        0        0        3        8        0        0        7        0        0        3        0        0        0        0        0        0        0        0       13        0        0        0        0      104        0        0        2        0        2        0        0        0        0        0        3        0        0        0        0        0       30       58       50        0        0        0        3        0        1        0        0        0        0        0        0      309        0        0        0        0        0        0        0        0        0        5        0        0        0        0 
 4:        0        0        0        0     2983        0        0        0       43        0        0        0        0        0        0       16        0        0        0        0       90        0        0        0        0        0        0        0        0      114        0        0        0        0        0        0        0        0        0        0        0        0        0        0        0        0        0        0        0        0        0        0        0        0        0        0        0        0        0        0        0        0        0        0        0        0        0        0        0        0        0        0        0        0        0        0        0        0        4        0        0        0        0        0        0        2      163        0        0        0        0        0        0        0        0      168        0        0        0        0        0 
 5:        0        0        1        0        0     6356        0        0      252       16        0        0        0        0        0       16        0        0        0        0        0        1        0        0        0        0        5        0        0       47       48        0        0        0        0        0        0      126        7       44        0        2       14        0        2        0        0        0        0        3        1        0       41        0        0        0        0        6        0        0        0        0        0        0        0        0       43        0        0        0       13        0        0        0        0        0      160        0       17       19        0        0        0        0        0        0       52        0        4        0        0        0        0        0        0        0        0        0        0        0        0 
 6:        0        0       65        0        0        0     3276      226        0        0        0        0        0        0        0        0        0        0        0        0        0        0        0        0        0        0        0        0        0        0        1        0      220        0        0        0        0        0        0      105       18        0        0        0        0        0        0        0        0        0        9        0        0        0        0        0        0        0        0        0        0        0        0        0        0        0        0        0        0        0        0        0        0        0        0        0        0        0       29        0        0        0        0       51        0        0        0        0        0        0        0        3        0        0        0        0        0        0        0        0        0 
 7:        0        0        0        0        1        0        0     1568        0        0        0        0        0        0        0        0        0        0        0        0        0        0        0        7        0       53        0        0       33        0       17        0        0        0        0        0        0        0        0        0        0        2        0        0      141        0        0        0        0        0        0        0        0        0        0       28        0        0        0        0        0        0        0        0        0        0        0        2        0       36        0        0        0        0        0        0        0        0       41       52        0        0        0      121        0        7        0        0        0        0        0     1161        2       14        0       14      622        0        0        0        1 
 8:        0        0        0        0        0        0        0        0     2134        0        0        0        0        0        0        0        0        0        0        0        0        0        0        0        0        0        0        0        0        0        0        0        0        0        0        0        0        0        0        0        0        0        0        0        0        0        0        0        0        0        0        0        0        0        0        0        0        0        0        0        0        0        0        0        0        0        0        0        0        0        0        0        0        0        0        0        0        0        0        0        0        0        0        0        0        0        0        0        0        0        0        0        0        0        0        0        0        0        0        0        0 
 9:        0        0        0        0        0        0        0        0       56     4220        0        0        0        0        0        8        1        0        0        0      406        0        0        0        0        0        0        0        0        0        0        0        0        0        0        0        0        0        0        0        0        0        0        0        0        0        0        0        0        0        0      624        0        0        0        0        0        0        0        0        0        0        0        0        0        0        0        0        0        0        0        0        0        0        0        0        0        0        0        0        0        0        0        0        0        0        0        0        0        0        0        0        0        0        0        0        0        0        0        0        0 
10:        0        0       17        0       20        0        0        3       71        0     6618        0        0        0        0        0        0        0        0        0        1        0        0        0        0        0        0        1        0        0        1        0       67        0       10        2        0        0        0        3        3      168       19        0        2        0        0        0        2        0        5        0        0        0        0        0        0       31        0        0        6        0        0        0        0        0        0        1        0        0        0        0        1        0        0       12        0        0       28     1245        0        2        0      102        0        0        0        0       64        1        0      259       71       92        0        1        0       12        0        0        5 
11:        0        0        0        0        0        0        0        0        0        0        0    12714        0        0        0        0        0        0        0        0        0        0        0        0        0        0        0        0        0        0        0        0        0        0        0        0        0        0        0        0        0        0        0        0        0        0        0        0        0        0        0        0        0        0        0        0        0        0        0        0        0        0        0        0        0        0        0        0        0        0        0        0        0        0        0        0        0        0        0        0        0        0        0        0        0        0        0        0        0        0        0        0        0        0        0        0        0        0        0        0        0 
12:       85       42        0        0        0        0        0        0        0        0        0        0     1777       15        0        9        9        0        0      641       41        0        0        0        0        0        2        0        0        0        0        0        0     1971      193        0        0        0      526        0        0        0       49      150        0        0       12        0        0        0        0        0        0        0       10        0        0       24        0       55        0       79       28        0        0        2       12        0        0        5        0        0        0        3        0        0        0        1        0        0        0        0        0        0        0        0        0        0        0        0        0        0        0        0        0        0        0        0        0        0        9 
13:        0        0        0        0        0        0        0        0        0        0        0        0        0     2710        0        0        0        0        0        1        0        0        0        0        0        0        1        0        0        0        0        0        0        1        0        0        0        0      161        0        0        0        0        0        0       12        0        0        0        0        0        0        0        0        0        0        0        0        0        0        0        0        0        0        0        2        0        0        0        0        0        0        0        0        0        0        0       56        2        0        0        0        0        0        0        0       42        0        0        0        0        0        0        0        0        3        0        0        0        0        0 
14:        0        0       57        0        0        0        0        0        0      166       15        0        0        0      557        0       55       15        0        0        0        0        0        0        0        0        2        0        0        0        0        0        0        0        2        0      274        0       73        1        0        0        6        0        0      507      116      302        0        0        0      228        0        0      168      138        0       18        0        0        1       28        0        0        0        0      114        0        0       28       48        1        0        0        4        0        1        0        0        0        0        0        0        0        0      277        8        0        0       36        4        0        0        0        0        0        0        0      426        0       20 
15:        0        0        0        0       97        0        0        0       25        0        0        0        0        0        7     5171        0        0       59        0       35        0        0        0        0        0        0        0        0        0        0        0        0        0        0        0        0        0        0        0        0        0        0        4        0        0        0        0        0        0        0        0        0        0        0        0        0        0        0        0        0        0        0        0        0        0        0        0        0        0        0        0        0        0        0        0       37        0       22        0        0        0        0        0        0        0        4        0        0        0        7        0        0        0        0        0        0        0        0        0        0 
16:        0        0       21        0        0        0        0        1        0        3        0        0        1        0        0        5     4446     1459        0        0     1149        2        0        0        0        1        0        0        0        0        0        0        0      114        0        0        0        0      282        0        0        0        0        0        0        1        0       12        0        0        0        1        0        0        0        1        0        0        0        0        1        0        2        0        0        1        0        0        0        6       29        0        0        0      551        0        0        2        0        0        0        0        0        0        0       30        0        0        0        0        0        0        0        0        0        0        0        0     1726        0       16 
17:        0        0        0        1        0        0        0        0        0       17        0        0      101        6        0        9      277     4256        0      226        0        0        0        0        0        0        0        0        0        0        0        0        0      127     2092        0        0        0      372        0        0        0        0        0        0        2        0        0        0      122        0        0        0        0        2        0        0        1        3       67        0        1        0        0        0        0       76        0        0      269        9        0        0        8       87        0        1      169        0        0        0        0        0        0        0        0        0        0        0        0        0        0        0        0        0        0        0        0        0       45        0 
18:        0        0        0        0        1        0        0        0        0        0        0        0        0        0        0        0        0        0     4374        0        0        3        0        0        0       48        0        0        0        0        0      565        0        0        0        0        0        0        0        0        0        0        0        0        0        0        0        0        0        0        0        0        0        0        0        0        0        0        0        0        0        0        0        0        0        0        0        0        0        0        0        0        0        0        0       46        0        0        0        0        0       19        0        0        0        0        0       42        0        0        0        0        0        0        0        0        0        0        0        0        0 
19:      622     1157        0        0        0        0        0        0        0        0        0        0       12       64        0        0        0        5        0     2648        0        0        0        0        0        0        0        0        0        0        0        0        0       31        0        0        0        0        0        0        0        0        0        0        0       14        0        0        0       77        0        0        0        0        0        0        0        0        0      121        0      621        0        0        0        0        0        0        0       19        0        0        0        0        0        0        0     4700        0        0        0        0        0        0        0        0        0        0        0        0        0        0        0        0        4        0        0        0        0        0        0 
20:        0        0        0        0      330        0        1        0        0        0        0       21        0        0        4        5       52        0        4        0     4278        0        0        0        0        0        0      149        0      259        0        0      458        0        0        0       10        0        0        3        2        0        0       22       40        6        3       40        0        0       60        0        0        0        0        0       44       29        0        0        0        0        0        0        0        0        0        0        0       15        0        0        0        0        0        0        2        0        0        0        0        0        0        0        0      450       14        0        0        0        0        0        0        0        0       68        0        0        0        9        0 
21:        0        0        0        0        4        9        0      150        0        0        0        0        0        0        0        0       23        0       16        0        4     1578        0        6        0       27       17        0        0        0       10        4        1        3        0      121        0        0        0        2        6       28        5        5        8        3       30        0      162        1        0        0       22        1        0        0        0        0        0        0        0        0        0        0        0        7        1       16        0       12        0       11       29       97       47       39        0        0        0        4       69       44      368       42        0       44        0      102        0        1        0        2        1       93        0       10        0        0        0        4       10 
22:        0        0        0        0       31        0        0      154        0        0        0        0        0        0        0        0        5        0        0        0        0        0     2212      215        0        0        0      120        0       66        0        0        0        0       23        0        0       51        0        3        0        0        0       45       45        2        0        0        0        0        0        0        0        0        2      134        0        1        0        0        0        0        0        0        0        0        0        0        0        0        0        0        0        0        0        0        8        0        0      356      382        0        2       17        0        0        0        4        0        0       31       53        0        0        0        0       10        0        0        2        0 
23:        0        0        0        0        0        0       43        0        0        0        0        0        0        0        0        0        1        0        0        0        0        0     1298     1173        0        0        0        0      372        0      180        0      134        0      316      160        0        0        0        0        0        0        0        0        0        0        0        0        0        0        0        0        0        0        0        0        0        0        0        0        5        0        0        0        0        0        0        0        0        0        0        0        0        0        0        0        0        0       20        0        0        0        0        6        0        0        0        0      386      238       24       24      357       44        0        0        0        0        0        0        0 
24:        0        0        0        0        0        0        0        0        0        0        0        0        0        0        0        0        0        0        0        3        0        0        0        0     5809        0        0        0        0        0        0        0        0        0        0        0        0        1        0        0        0        0        0        0        0        0        0        0        0        6        0        0        0       32        0        0        0        1        0       15        0        0        0        0        0        0        0        0        0        0        0        0        0        0        0        0        0        0        0        0        0        0        0        0        0        0        0        0        0        0        0        0        0        0        0        0        0        0        0        0        0 
25:        0        0        0        0        0        0        0        0        0        0        0        0        0        0        0        0        0        0        0        0        0        0        0        0        0     7648        0        0        0        7        0       36        0        0        0        0        0        0        0        0        0        0        0        0        0        0        0        0        0        0        0        0        0        0        0        0        0        0        0        0        0        0        0        0        0        0        0        0        0        0        0        0        0        0        0      159        0        0        0        0        0       54        0        0        0        0        0        0        0        0        0        0        0        0        0        0        0        0        0        0        0 
26:        0        0        2        0        5       51        0        0        0        0        0        0        0        0        0        0        0        0        0        0        0        0        0        0        0        0    10219        0        0        0        0        0        0        3        0        0        0        0        3        4        0        0        1        0        0        0        0        0        0        0        0        0        0        0        1        0        0        0        0        0     1796        0        0       26        0        0        0        0        0        0        1        0        0       11        0        0        0        0        0        0        0        0        0        0        0        9        0        0        0        0        0        0        0        8        0       41        0        0        0        0        0 
27:        0        0        0        0       48      284      514        0        5       13        0        0        0        0        0        0        0        0        0        0        3        0        0        0        0        0        0     3306        0       24        0        0        0        0        0        0        0        0        0        0        0        0        0        0        0        0        0        0        0        0       20       63        0        0        0        0        8        6        0        0        0        0        0        0        0        0        0        0        1        0        2        0        0        0       96        0        0        0        0        0        0        0        0        0        0        2       88        0        0        0        1       18        0        0        0        9        0        0        0        0        0 
28:        0        0        0        0        0        0        3        0        0        0        0        0        0        0        0        0        0        0        0        0        0        0        0        0        0        0        0        4     3047        0      990        0        0        0        0        0        0        0        0        0        0       18        0       16        0        0        0        0        0        0        0        0        0        0        0        0        0        0        0        0        0        0        0        0        0        0        0        0        0        0        0        0        0        0        0        0        0        0        0        0        0        0        0        0      168        0        0        0        0        0        0       45        0        0        0       10        0        0        0        0        0 
29:        0        0        0        0      628        0        0        0        2        0        0        0        0        0        0        8        0        0        0        0        0        0        0        0        5       14        0        0        0     4190        0        0        0        0        1        0        0        1        0       40        0        0        0      208       36        5        3        0        0        0        0       10        0        0        0        0      120        0        1        0        0        0        0        0        0        0        0        0        4        0       57       72        2        0        0        2        0        0        0        0        0        0        0        3        0       57        0        1        0        0        0        2        0        0        0       40        0        0        0        1        0 
30:        0        0        0        0        4        8       12        0        0        0        0        0        0        0        0        0        0        0        0        0        0        0      189        0        0        0        0        0       72       25     2739        3        0        0        0        3        0        0        0       10        5        0        0        0        9        0        0        0        0        0        4        1        0        0        0        0        0        0        0        0        0        0        0        0        0        0        0        0        0        0        0        0        0        0        0        0        0        0       57        0        0        0        1        0       55        0        0        9        0        0        4       23        0        0        0        0        0        0        0        0        3 
31:        0        0        0        0      128        0        0        0        0        0        0        0        0        0        0        0        5        0     4609        0        0        0        0        0        0       51        0        0        0      114        0     1846        0        0        0        5        0        0        0        0        0        0        0       43        0        0        0        0        0        5        0        0        0        0        0        0        0        0        0        0        0        0        0        0        0        0        0        0        0        2       12        0        0        4        0        5        0        0        0        0        0      123      156        0        0        0        0       44        0        0        0        0        0        0        8        0        0        0        0        0        0 
32:        0        0       46        0        0        0       28       13        0        0        0        0        0        0        0        0        0        0        0        0        0        0       25        0        0        0        0        0      370        0      921        0     3735        0        0      810        0       26        0        0        0        0        0        0        0        0        0        0        0        0       74        0        0        0        0        0        0        0        0        0        0        0        0        0        0        0        0        6        0        0        0        0        0        0        0        0        0        0      110        0        0        0       19      237        0        0        0        0        0        0       14       19        0        0        0        0        0        0        0        0        0 
33:        0        0        0       80        0        0        0        0        0        4        0        0      388        0        0       14        0       90        0        0        0        0        0        0        7        0        5        0        0        0        0        0        0     2302      172        0        0       78      407        0        0        0        0        0        0        2        1        0        0        0        0        0        0        0        3        0        0       17        0        0        0        0        0        0        0        0        0        0        1        0        0        0        0        0        0        0        0       10        0        0        0        0        0        0        0        0        2        0        0        0        0        0        0        0        0        0        0        0        0        8        0 
34:       47        0      139        3        0        0        0        0        2        0        1        0        3        0        0        4        1        4        0      547        0        0        0        0        2        0        0        0        0        0        0        0        0       48     1372        0        5        0      554        0        0        0        0        0        0        0        0        0        0      165       10        0        0        0      477        0        0        0        0        0        0        0        0        0        0        3        2        0        0        1        0        1        0        0        4        0        0        3        0       93        0        0        0        0        0        2        1        0       13        0        0        0        0        2        0        0        0        0        0        0       12 
35:        0        0        0        0       26        0        0        0        0        0        0        0        0        0       51        0        3        0       13        0        0        0        0        0        0        0        0        0        0        0        0        0       18        0        0     4686        0        0        0        0        0        0        0        0        0        0        0        0        0        0        0        4        0        0        0        0        0        0        0        0        0        0        0        0        0        0        0        0        0        0        0        0        0        0        0        0        0        0      310        0        0        0        0       59        0       64        0        0        0        0        0        0     3035        0        0       93        0        0        0        0        0 
36:        0        0        0      135        0        0        0        0        0        5        0        0        0        9        0        0      947        0        0        0        0        0        0        0        0        0        0        0        1        4        0        0        0        0       45        0     1814       21        0        0        0        0        0        0        0        0       31        7        0        0        0       47        0        0        0        0        0        0        0        0        0        0        0        0        0        0        0        0        0        0        0        5        0        0        0        0       30        0        0        0        0        0        0        0        0        0        0        0        0       14        0        0        0        0        0        0        0        0       11        0        0 
37:        0        0       11       65        0      124        0       73       66        5        0        0        6        0      268       84       99        0        0        5      159        0      103        0        1        0        0        1       20        2       10       15      298        0       44        1      243      192        6        0        0        2       20        0        0        0      185      506        0        3        8        9       24        0      205        0      437        0        0        0        0        0        0        0        0       12        0        0        0       42        0      195        0        5        3        1       66       48      255      181        0        0       14      153        0       30       55        0        0       18        0      172       10        1      483        0       67        0        0        0        1 
38:        0        0        0        0        0        0        0        0        0        0        0        0      277        0        0        4        0       49        0        0        0        0        0        0        6        0        0        0        0        0        0        0        0      320      158        0        0        0     7673        0        0        0        0        0        0        0        0        0        0        0        0        0        0        0        6        0        0        0        0       14        0       54        1        0        0      189        0        0        0        0        0        0        0        0        0        0        0      192        0        0        0        0        0        0        0        0      498        0        0        3        0        0        0        0       10        0        0        0        0        0        0 
39:        0        0        0        0       53        0       10        0       94        0        5        0        0        0        2       35        4        0       52        0       81        0        0        0        0       60        0       42        2      639        0        0        0        0        0       23        0        0        0      862        9       31        1       28      910        0        0        3        0        0      310        0       86        0        0       28      292       58        0        0        0        0        0        0        0        0        0      220        0        0       83        3        0        0       35       24       13        0       43        3        6        0        0        3        0      132      137        0        1        0        0       11       45       21        0        0       93        0        0        5        0 
40:        0        0        0        0        0        0        0        0        0        0        0        0        0        0        0        0        0        0        0        0        0        0        1        0        0        0        0        0        9        0      298        0        0        0        0        0        0        0        0        0     6310       25        0        0        0        0        0        0        0        0        0        0        1        0        0        0       17        0        0        0        0        0        0        0        0        0        0        0        0        0        2        0        0        0        0        0        0        0        0        0        0        0        0        0       15        0        0        0        0        0        0        0        0        0        0        0        4        0        0        0        0 
41:        0        0        0        0        0        0        0        0        0        0       17        0        0        0        0        0        0        0        0        0        0        0        0        0        0        2        0        0       81        0      141        0       79        0        0        8        0        0        0        0       52     8272        0        0        0        0        0        0        0        0        0        0        0        0        0        2        0        0        0        0        0        0        0        0        0        0        0        0        0        0        4        0        0        0        0        6        0        0        0        0        0        1        0        5        0        0        0        0        8        0        0        0        0       12        0        0        0        0        0        0        0 
42:        0        0        0        0        0        6        0        1        0       82       33        0        0        0        9        0        0        0        0        0       15        0        0        0        0        0       13        0        0        0        0        0        0       22        0        3        0        0       54        7        0        0     1705        0       45        0        2       31        0        0        0        3        0        0        0        0        0      451        4        0       48        0        0        5        1        9        2        0        4        0        0       14        0        0        0       46      350        0        0        1        0        0        0       26        0        0        0        0       65        3        0        0       35      103        0       56        0        0        0        0      236 
43:        0        0        0        0        5        0        0        0       11        0        0        0        0        0        0        6        0        0        0        0        0        7        6        0        0        1        0        0        0       32        0       37        0        0        0        0        0       10        0        0        0        0        0    11025        0        0        2        5       15        0        0        0        9        0        0        0        0        0        0        0        0        0        0        0        0        0        0        0        0        0        0        0        0        0        0        0       30        0        9        0        9        0       48        0        0        0       23      141        0        0        1        0        0        0        0        0        0        0        0        0        0 
44:        0        0        0        0        4       17       34        0        6        0        2        0        0        2        0       27       23        0        0        0        0        0        0        0        0        0        0        0      162       32       10        0        9        0        0        0        0        0        8      341       14        0      121       85     1519        0        0        0        0        0      291        0        0        0        0        1        0       15        0        0        0        0        0        0        0        0        9        3        0        0       44        0        0        0        2        7        1        0        4       22        5        0        2        3        0        2        3        0        0       70        0      446       85       15        0        0        6        0        0        1        5 
45:        0        0        8       19        0        0        0        0        0        0        0        0        3        1        0        0      100        0        0        0        0        4        0        0        0        0        0        0        0        0        0        0     1000        0        0        0        0        0        1        0        0        0        0        0        0     8280        0        0        0        0        0        0        0        0      115        0        0        0       77      137       28       30       18        0       49       34       17        0        0        1        0        0        0        0        0        0        0        0        0        0        0        0      106        0        0        0        0        1        0        0        0        0        0        0        0        0        0        0        0       34       17 
46:        0        0      270        1        0        0        0        0        0        0        0        0        0        0        0        0      447        0        0        0       39        0        0        0        0        0        0        0        0        0        0        0      184        0        2        0      251        0       21        0        0        0        0        0        0        0     1079        9        0        0        0        2        0        0        0        0        0        0        0        0        0        0        0        0        0        0        0        0        0        0        0        0        0        0        0        0        0        7        0        0        0        0        0        0        0        0        0        0        2        0      226        0        0        0        0        0        0        3       59        0      320 
47:        0        0        0       15      191      307        0      287        0        0        0        0        0       43     2001       48        0        0        0        0       72        0      361        0        0        0        0        0        0       20        0        0        0        0        0        0       97      493        0        2        0        0      370        0        0       27     1122      335        0        0      164      115        0        0      930      954        0      566        0        5     2074        0        0      844        0        6        0        0       50        0        0        0        0        0       20        0     2742        0      201        0        0        0        0      668        0      122       19        0        0      550        0        1        0        0        0        0        3        0       19        0        3 
48:        0        0        0       26        3        0        0        0        0        0       78        0        0        0        0        0        0        0        0        0        0       13        0        0        0        0        0        0        0        0        0       14        0        0        0        0        0        5        0        0        0        0        3        0        0        0        0        0     5045        0        0        0        0        0        0        0        0        0        0        0        0        0        0        0        0        0        0        0        0        0        0        0      473        0        0      491        0        0        0        1       31       81        1       16        0        0        0      195       44        0        0        0        0        4        0        0        0        0        0        0        0 
49:        0        0        0        0        0        0        0        0        0        0        0        0        0        0        0        0        0        0        0        0        0        0        0        0      924        0        0        0        0        0        0        0        0        0       19        0        0        0        0        0        0        0        0        0        0        0        0        0        0     6178        0        0        0        0        0        0        0        0        0        0        0        0        0        0        0        0        0        0        0        0        0        0        0       10        0        0        0      136        0        0        0        0        0        0        0        0        9        0        0        0        0        0        0        0      510        0        0        0        0        0        0 
50:        0        0        0        0      104      289       39        0       18        0        0        0        0        0        0      211       13        0       66        0        0        0        0        0        0        0        0        0      181       26       38        0        6        0        5        0        0        2        5        2        0        1        0        6        4        0        0        0        0        1     2104        8        0        0        0        1        0       49        0        0        0        0        0        0        0        0        0        2        0        0        0        0        0        0        0        1        0        0      871        2        0        0        0        0        8        0      137        0        0        8       23      227        1        1        0      128       63        0        0        6        0 
51:        0        0        0       25        0       27        0        0        1       78       50        0        0        0     1091       14       10       16        0        0      171        0        0        1        0        0        0       18       21      109        0        0        0        0        0        3      145        8       13        0        0        0       15        0        2        8       46      173        0        0        0     3549       29        0      152        0        0        7        0        0        0        0        0        0        0        2        0        1        0        0       11        3        0        0       53        0        7       31        0        0        0        0        0       77        0        0      121        0       23        0        0     2184       43        0        0        0        0        0        0        0        3 
52:        0        0        0        0        0     1118        0        0        0        0        0        0        0        0        0        0        0        0        0        0        0        0        0        0        0        9        0        0        0        0        0        0        0        0        0        0        0        0        0        0        0        0        0        0        0        0        0        0        0        0        0        0     2716        0        0        0        0        0        0        0        0        0        0        0        0        0        0        3        0        0        0        0        0        0        0        0        0        0        0       38        0        0        0        0        0       13        0        0        0        0        0        0        0        0        0        0        2        0        0        0        0 
53:        0        0        0        1        0        0        0        0        0        2        0        0        0      856        0        0        0        0        0        0        0        0        0        0       97        0        0        0        0        0        0        0        0        0       26        0        0        0        0        0        0        0        0        0        0        0        0        0        0        0        0        0        0     3424       25        0        0       88      540      358        0        0       18        0        0       71        0        0        0        0        5        0        0        2        0        0        0        1        3        0        0        0        0        0        0        0        2        0        0        0        0        0       48        0        0        0        0        0        0        0        0 
54:        0        0      171      920        0        0        0        0       34        0        0        0        0        0       25       97      333        0      269        0        0        0        0        0       13        0        0       64        0        0        0       26        0        0       69       64        3        3        1        0        0        0      108        2        0        0        8        6        0        0        0        4        0        0     3817        0        0       32        0        0        0        0        0        0        0        0        0        0        0      128        0        6        0        0        0        0        0        0        0      103       11        0        0        0        0        0        0        0        0        3        0        0       14        0        3        0        0        0       28      210        0 
55:        0        0       16        0        0       11       57      152        0        0       25        0        0        0       28        0        0        0        0       21        1        0      176       23        0      140        0        2        4        5      947        0      490        0        0        0      517        0        0       31        0       13        7      103        1     1293        0        1        0        0        1      141        8        0        0     1070        1       12        0        0        2        7        0      134        0        0        6        0        6        0        0        0        0        0        0        0       85        0        0       51        0        0        0      230        0        0        0        0       59        3      753        0      709      665        0        6        0       84       83        0      224 
56:        0        0        0        0      199       10        0        0        0        0        0        0        0        0        0        0        0        0        0        0        1        0        0        0        0        0        0        2        0      192        0        0        0        0        0        0        0        0        0        0        0        0        0        0        0        0        0        0        0        0        0        0        0        0        0        2     4249        0        0        0        0        1        0        0        0        0        0        0        0        0        0        0        0        0      320        0        0        0        0        0        0        0        0        0        0       57        0        0        0        0        0        0        0        0        0       92        0        0        0        0        0 
57:        0        0       36        0        0       18        0        0        0        3        0        0       12       60       14       80        2      183        0        0        0        0        0        0        0        1       91       14        0        0        0        0        0       54        1        4        0       19       12        0        0        0        7        2        0       27        0        1        0        0        0       12        0       20      217       30        0     1018        0       10      188        1       63        6        0       16       61        0      286        0       55        5        0        0      109        0      532        0        0        3        0        0        0        0        0        0      378        0        6        0        0        0        0        0        0        0        0        0        0        0        6 
58:        0        0        0        0        3        0        0        0        0        0        0        0      105        0        0        0        0        0        0        0        0        0        0        0        0        0       20        0        0        0        0        0        0        0        0        0        0        0        0        0        0      191        0        0        0        0        0        0        0        0        0        0        2        0        0       18        0        0     6616        0       14      413        0        0        0        0      218        0        0        0        0        0        0        0        0        0        0        0        0        0        0        0     1060        0        0        0        0        0        0        0        0        0        0        0        0       19        0        0        0        0        0 
59:        0        0        0        0        1        0        0        0        0        4        0        0        3        0        0        0       22        4        0        0        0        0        0        0        0        0       73        0        0        0        0        0        0       46        0        0        0        0      443        0        0        0        0        0        0       57       60        0        0        0        0        0        0       21        1        0        0        0       42     9112        9      213     1538        0        0        0        0        0        0        0        0        0        0        0        0        0        0        3        0        0        0        0       10        0        0        0        0        0        0        0        0        0        0        0        0        0        0        0        0        0        0 
60:        0        0        6        0        0        0        0        0        0        0        0        0       29        0        0        0        2        0        0        0        0        0        0        0        0        0        0        0        0        0        0        0        0        4        0        0       45        4       94        0        0        0        0        0        0       44        0        0        0        0        0        0        0        0        0        0        0      254      237        0    13974        0        0        0        0        3        0        0        0        3        0        0        0        0      371        0        0        0        0        0        0        0        0        0        0        0        0        0        0        1        0        0        0        0        0        0        0        0        0        0        0 
61:        0        0        0        0        0        0        0        0        0        0        0        0        4        6        0        0        0        1        0        3        0      185        0        0        0        0        0        0        0        0        0        0        0        0        0        0        0        0        0        0        0        0        3       12        0        0        0        0        0       23        0        0        0        0        0        0        0        0        0       14        0    11315        0       13        0        0       51        0        0        0        0        0        0        0        0        0        4       73        0        0        0        0        3        0        0        0        0        0        0        0        0        0        0       55        0        0        0        0        0      107      208 
62:        0        0        0        0        0        0        0        0        0        0        0        0        0        0        0        0        0        0        0        0        0        0        0        0        0        0        0        0        0        0        0        0        0        0        0        0        0        0        0        0        0        0        0        0        0        0        0        0        0        0        0        0        0        0        0        0        0        0      711        0      346      523     8804        0        0        0        0        0        0        0        0        0        0        0        0        0        0        0        0        0        0        0        0        0        0        0        0        0        0        0        0        0        0        0        0        0        0        0        0        0        0 
63:        0        0        0        0        0        0        0        0        0        0        0        0        0        0        0        0        0        0        0        0        0        9        0        0        0        0        0        0        0        0        0        0        0        0        0        0        0        0        0        0        0        0        0        0        0        1        0        0        0        0        0        0        0        0        0       29        0        0        0        0        0      288        0     5703        0        0      131        0        0        0        0        0        0        0        0        0        0        0        0        0        0        0        0        0        0        0        0        0        0        0        0        0        0        0        0        0        0        0        0        0        0 
64:        0        0        0        0        0        0        0        0        0        0        0        0        0        0        0        0        0        0        0        0        0        0        0        0        0        0        0        0        0        0        0        0        0        0        0        0        0        0        0        0        0        0        3        0        0        0        0        0       12        0        0        0        0        0        0        0        0        0      534        0       71       10       12        0    12350        0      519        0        0        0        0        0       17        0        0        0        0        0        0        0        0        0        0        0        0        0        0        0        0        0        0        0        0        0        0        0        0        0        0        0        0 
65:        0        0        0        0      270        0        0        0        0        0        0        0        0        0        0        0        0        0        0        0        0        0        0        0        0        0        0        0        0        0        0        0        0        0        0        0        0        0        0        0        0        0        0        0        0        0        0        0        0        0        0        0        0        0        0        0        0        0       37        0        3      336        0        0        0     7278      438        0        0        0        0        0        0        0        0        0        0        0        0        0        0        0        0        0        0       31        0        0        0        0        0        0        0        0        0        0        0        0        0        0        0 
66:        0        0        7        0        0        2        0        0        0        0        0        0        0        0        0        0        0        0        0        1        0        0        0        0        0        0      112        0        0        0        0        0        0        7        0        0        0        0        2        0        0        0        0        0        0       21        0        0        0        0        0        0        7        0        0       55        0        0       23        0        0      260      142      351        0       12     4086        0        0        2        0        0        0        0        0        0        0        0        0        0        0        0        4        0        0        0        0        0        0        0        0        0        0        0        0        0        0        0        0        2        0 
67:        0        0        0        0       27       36        0       56        0        0       41        0        0        0        0        0       12        0        0        0       14       11        0        0        0      108        1        0        7       19      502        0       73        0        0        8        0        0        1      196       24        5       11        0      384        0       11        0        0        0      187        2      152        0        0        8       20        4        0        0        5        0        0        6        0        0        0     5149        0       30       17        0        1        0       21       83        0        0       37        0       55        0       59       38        0      149        0        0       52        2        1       31        2       65        0        0       10        1        0       12        3 
68:        0        0        0        0     2260        0        0        0        0        0        0        0        0        0       13        0        0        7        0        0       93        0        0        0        0        0        0        0        0      137        0        0        0        0        0        0        7       92        0        0        0        0        0        0        0        0        0        0        0        0        0        0        0        4       21        0      853        0      110        8        1        0        0        0        0        4        5        0     6065        1        0        0        0        0      142        0        0        0        0        0        0        0        0        0        0     1993       25        0        0        0        0        0        0        0        0        0        0        0        0        0        0 
69:        0        0        0        0        0        0        0       14        0        0        0        0       82        0        0        0        0       55        0        0        0        0       57        0        0       12        0        0        0        0        0        0       44        0        0        6        0        0        0        0        0        0        0        0       33       16        9        1        0        0        0        0        0        0        0        6        7        0        0        0        3        0        0        0        0        0        0      422        0     1739        0        0        0        3      786        0        5        0        0        0        0        0        0        0        0      332        0        0      241        0        0        0        0       19        0        0        0        0        0        0       30 
70:        0        0        0        0        1        0        0        0        0        3        1        0        0        0        0        6      147      117        0        0      115        0        0        0        0        0        0        0        0        0        0        0        0        1        0        0        0        0        7        1        0        0        0        0        0        0        5        0        0        4        0        0        0        0        5        1        1       26        0        0        0        0        0        0        0        0        3        0        0        0     8604        0        0        0        9        0       12        0        0        0        0        0        0        0        0        0        0        0        0        0        0        0        0        0        0        0        0        0        0        5        1 
71:        0        0        0      115        0        0        0        0        0      131        0        0        0        0      336        0      571        0        0        0       14        0       35        0       26        0        0        0        0      141        0        0        0        7        0        0        0        0        0        0        0        0        0        0        0        0        0        0        0        0        0       10        0        0       15        0        0        0        0        0        0        0        0        0        0        0        0        0        0        0        0     1194        0        0        0        0        2        0        0        4        0        0        0        0        0        0       15        0        0        3        1        0        0        0        6        0        0        0        0        0        0 
72:        0        0        0        0        0        0        0        0        0        0        0        0        0        0        0        0        0        0      470        0        0        0        0        0        0        0        1        0        0        0        0        4        0        0        0        0        0        0        0        0        0        0        0        3        0        0        0        0      350        0        0        0        1        0        0        0        0        0        0        0        0        0        0        0        0        0        0        0        0        0        0        0     4261        0        0        4        0        0        0        0       49       42        8        0        0        0        0      242        0        0        0        0        0        0        0        0        0        0        0        0        0 
73:        0        0        0       16       14        0        0        0        0        0        0        0        6        7        2        0        0        0        0       38        0        0        5      873        4        0        0        0        0        0        0       11        0        0        5        0        0        0        3        0        0        0        2        0        0        0        0        0        0        0        0        0        0       19       92        5       59        0        6        0        0        0        0        0        0        1       10      211       11        7        0        0        0    15130      101        0        0        0        0        2        0        0        0        0        0      192        0        0       91        0        6        0        0        0        0        0        0        0        0        0        0 
74:        0        0        9        0      247        0        0        0        5       21        1        0        0        0       35        0        0        3        0        0      158        0        2      107        0        3        0        0        0       40        0        0        0        0       25      136      285      107        0       15        0        0       71       18        0       12       30       55        0        0        0       48        0        0       33       47      222      345        0        0       25       10        0        0        3        2        0       24        0      513        0       18        0        4     2218        0        0        0        0        2       18        0      120        0        0       86        0        0       10        0        0        0       77       10        0        5      360        0       13       68       27 
75:        0        0        0        0        4        0        0        0        0        0        0        0        0        0        0        0        0        0       65        0        0        0        0        0        0        8        0        0        0      270        0        5        0        0        0        0        0        0        0      267       27        0        0        1        0        0        0        0        0        0        0        0       73        0        0        0        0        0        0        0        0        0        0        0        0        0        0        0        0        0        0        0        0        0        0    11001        0        0        0        0        1      524        0        0        0        0        0        0        0        0        0        0        0        0        0        0        0        0        0        0        0 
76:        0        0        0        0      438        0        0        0        5        0        0        0        0        0        0      220      117        0        0        0        2        0        2        0        0        0        0        0        0      835        0        0        0        0        0        0        0        0       49       32        0        0      104      357        0       15       53     1878        0        0        0       26        0        0      467        3        0      119        0        0        0        0        9        0        0        0        0        0       88        0        0        0        0        0        3        0     3991        0        0        3        2        0        0        0        0        0       29        0        2        0      573        0        0        0        0        0        0        0        1       37       83 
77:      704      562        0        0        0        0        0        0        0        0        0        0       42        5        0        0       66      161        0     1835        0        0        0        0        0        0        0        0        0        0        0        0        0      633        0        0        0        0     1611        0        0        0        0        0        0      184        0        0        0      156        0        0        0        0        0        0        0        0       22        6        0      133        0        0        0        0        0        0        0       14        0        0        0        0        0        0        0     4149        0        0        0        0        0        0        0        0        0        0        0        3        0        0        0        0        0        0        0        0        0        0        0 
78:        0        0        0        0       87        0      437      243        0        0        0        0        0        0        0        0        0        0        0        0        0        0      141        0        0        0        0        0        0        0      214        0       51        0        0       41        0        0        0        7        0        0        0        0        0        0        0        0        0        0      346       96        0        0        0        0        0        0        0        0        0        0        0        0        0        0        0        0        0        0        0        0        0        0        0        0        0        0     1586        0        0        0        0        0      355        0        9        0        0        0        1      304      145        0        0        0        0        0        0        0        0 
79:        0        0        0        0        0        0        0       21        0        0      132        0        0        0       21        0       15        0      103        0        0       19        6        0        0        0        0        2       21        0        1        0        1        0        0        0        0        5        0       59        0        0        8        0        0        0        0        0        0        0       74      420        0        0        0        0        2       12        0        0       20        0        0        0        0        0        0        0        0       48        0        0        8        4        0        4        5        0       88     3119      140       35       88       73        0        0        0       81        0        0        5        2        7       24        0      157        0        2        0        0        0 
80:        0        0        0        0      108        1        0        0        0        0        3        0        0        0        0      334        0        0       22        0        0       14       27        3        0        0        0       86        0      162       77       10        1        0        0       36        0      534        0        0       11        0        0       34        0        0        9       47      440        0        2        0        8        0       53        0        0        8        0        0        0        0        0        0        0        0        0        0        0        0        0        0        1        0       38        4       31        0        1      350     5796      197        7        7        1      123        2      111        0       94        0       16        0        0        0       81       87        0        0        0        0 
81:        0        0        0        0        0        0        0        0        0        0        0        0        0        0        0        0        0        0        0        0        0        0        0        0        0        0        0        0        0        0        0        0        0        0        0        0        0        0        0        0        0        0        0        0        0        0        0        0        6        0        0        0        0        0        0        0        0        0        0        0        0        0        0        0        0        0        0        0        0        0        0        0       23        0        0       77        0        0        0        0        5     6014        0        0        0        0        0      749        0        0        0        0        0        0        0        0        0        0        0        0        0 
82:        0        0        0        0        0        0        0        0        0        0        1        0        0        0        0        0        0        0        0        0        0        1        0        2        0        0        0        0        0        0        1        0        0        0        1        0        0        0        0       10        0        0        0        0        0        0        0        0        0        0        0        0        0        0        0        0        0        0        0        0        0        0        0        0        0        0        0        0        0        0        0        0       10        0        0        0        0        0        0        5      147        1     4448        0        0        0        0       68        0        0        0        0        0        0        0        0        0        0        0        0        0 
83:        0        0       40        3        0        0      307      114        0        0        0        0        0        0     1149        0        0        0        0        0        5        0        0        0        0        0        0       60        0        0        3        0       77        0        0        3        2      101        0        0        0       13        0        0        0        0        0      836        0        0        0      417        0        0        0        0        0      452        0        0        2        0        0        0        0        0        0        0        2        0        0       20        0        0        0        0       21        0     1327      147        0        0        0     4964        0        0      110        0        0        0        1      917     1374        0        0        0        0        0        0        0        0 
84:        0        0        0        0        0        0        0        0        0        0        0        0        0        0        0        0        0        0        0        0        0        0        0        0        0        0        0        0        0        0        0        0        0        0        0        0        0        0        0        0        0        0        0        0        0        0        0        0        0        0        0        0        0        0        0        0        0        0        0        0        0        0        0        0        0        0        0        0        0        0        0        0        0        0        0        0        0        0        0        0        0        0        0        0     3843        0        0        0        0        0        0        0        0        0        0        0        0        0        0        0        0 
85:        0        0        0        0      379        0        0        0        0        0        0        0        0        0        0        1        6        0        0        0        0        0        0        0        0        0        0       25        1       75        0        0        0        0        2        2        0        1        0        4        0        0        0        0        0        0        1        0        0        0        0        0        0        0        0        0      114        2        0        0        0        0        0        0        0       13        0       58        0       47        5        0        0        3       13        0        0        0       18        0        0        0        0        0        0     3468        1        0        0        0        0        0        1        0        0      573        7        0        0        0        0 
86:        0        0        0        0        0        0        0        0        0        0        0        0        0        0        0        0        0        0       12        0        0        0        0        0        0        0        0        0        0        0        0        0        0        0        0        0        0        0        0        0        0        0       11      102        0        0        0        0        0        6        0        0        0        0        0        0        0        0        0        0        0        0        0        0        0        0        0        0        6        0        0        3        0        0        0        0        0        0        1       82        0        0        0        0        0        1     6416        0        0        0        0        0       84        0        0        0        0        0        0        0        0 
87:        0        0        0        0        0        0        0        0        0        0        0        0        0        0        5        0        0        0        0        0        0        3        0        0        0        0        0        0        0        2        7        0        0        0        0        0        0        5        0        0        0        0        0        0        0        0        0        0        0        0        0        0        0        0        0        0        0        0        0        0        0        0        0        0        0        0        0        0        0        0        0        6        6        0        0       74        0        0       47       61       33       97       22        0        0        0        0     5865        0        0        2        0        0        0        0        0        0        0        0        0        0 
88:        0        0        7        0        0        0        0       18        0        0      179        0        0        0        0        0        0        0        0        0        0        0        0        0        0       22        2        0        0        0       44        0      152        0        1        3        0        0        0        0        0       16        0        0        0        0        0       36        0        0      299      212        8        0        0        0        0        0        0        0        0        4        0        0        0        0        0        0        2        0        0        2        0        0        4        0        0        0        0        0        0        0        0      222        0       17        0        0     4801        0        0        0        7      729        0        0       67      192        0        0        0 
89:        0        0        0        0        0        0        0      182        0        0        0        0        0        0      422        0        0        0        0        0      152        0        0        0        0        0        0        0        0        0        0        0        0        0        0        0        0        0        0        0        0        0        0        0        0        0        0        0        0        0        0        0        0        0        0        0        7        2        0        0        0        0        0        1        0        0        0        0        0        0        0        1        0        0        2        0        0        0        0        0        0        0        0        0        0        0        0        0        0     5102        0        0        0        0        0        0        0        0        0        3        0 
90:        0        0        0        0        0        0        0        0        0        0        0        0        0        0        0        0        0        0        0        0        0        0        0        0        0        0        0        4        0        6        0        0       28        0        0        0       52       12        0        0        0        0        0       55        0        5        0      184        0        0        0        0        0        0      393       72        0        0        0        0       33        0        0        0        0        0        0        0        0        0        0       75        0        0        0        0        2        0        0        0        0        0        0       79        0        0       12        0        0       42     3256      278      114        5        0        0        0        0        0        0        0 
91:        0        0        0        0        0        0        0        0        0        0        5        0        0        0        0        0        0        0        0        0        0        0        9        0        0        0        0        0      326       44       80        0      209        0        0      664        0        0        0        0        0       92        0        0        0        0        0        1        0        0        0        0        0        0        0      227        0        0        0        0        0        0        0        0        0        0        0       68        0        0        0        0        0        0        0        0        0        0        0        1      248        0        0       16        0       25        0       98      216        0        1     3736       64      131        0        0        0        0        2        0        0 
92:        0        0        0        0       12        0       69        0        0        0        0        0        0        0        0        0        0        0        0        0        0        0        0       18        0        0        0        0        0        0        0        0       34        0        2      580        0        0        0        0        0        0        1        0        2        0        0        5        0        0        0        0        0        0        0       25        0        0        0        0        0        0        0        0        0        0        0        0        0        0        0        0        0        0        0        0        2        0       13        0        0        0       23        1        0        3        0        0        0        0       13      172     2568      218        0        0        0        0        0        0        1 
93:        0        0        0        0        0        0        0        0        0        0       10        0        0        0        0        0        0        0        0        0        0        0        0        0        0        9        0        0        0        0        0        0        0        0        0        0        0        0        2       11       58      115        0        0        0        0        0        0        0        0        0        0        0        0        0        0        0        1        0        0        0        0        0        0        0        0        0        4        0        0        0        0        0        0       26        0        0        0        3        2       87       59      184        0        0        0        0        8        3        0        0        0      125     6548        0        0       70       24        0        0        0 
94:        0        0        0        0        0        0        0        0        0        0        0        0        0        0        0        0        0        0        0        0        0        0        0        0        0        0        0        0        0        0        0        0        0        0        0        0        0        0      709        0        0        0        0        0        0        0        0        0        0        0        0        0        0        0        0        0        0        0        0        0        0        0        0        0        0        0        0        0        0        0        0        0        0        0        0        0        0        0        0        0        0        0        0        0        0        0        0        0        0        0        0        0        0        0     7440        0        0        0        0        0        0 
95:        0        0        0        0      150        0        0        0        0        0        0        0        0        0        0        0        0       16        0        0        0        0        0        0        0        3       14        0        0        3        0        0        0        0        0        0        0        0        0        0        0        0        4        0        0        8        0        0        0        0        0        0        0        0        0        0      398        0        0        0        0        0        0        0        0        0        0        0        0        1        4        0        0        0        0        0        0        0        0        0        0        0        0        0        0      102       37        0        0        0        0        0        0        0        0     3006        1        0        0        0        0 
96:        0        0        0        0        0        0        0        0       14        0        0        0        0        0        0        0        0        0        0        0        0        0        0        0        0        0        0        9        0        0        0        0        0        0        0        0        0        0        0        1        0        0        0        0       73        0        0        0        0        0        5        0        0        0        0        0       68        0        0        0        0        0        0        0        0        0        0       58        0        0        0        0        0        0        0        0        0        0        0        0        0        0        0        0        0        0        0        0        0        0        0        0        0        0        0        0     2997        0        0        0        0 
97:        0        0       39        0        2        0       41        4        0        0      317        0        4        0        0        0        1        0        0        0        0        6        3        3        0        0        0        1        0        0       50        0      241        1      101        0        6       14        0      373        0      218       40       76        0        1       23       13       91        0       26        0       34        0       62       31        0        7        0        0        0        0        1        0        0        0        0        0        0        0        0        0       56        0       33        0        0        0        0      133     1674        0        2      328        0        0        0        0      132        0      102        0        0      115        0        0       66     3152        0       73       24 
98:        0        0        0        0        0        0        0        0        0        0        0        0        1        0        0        0       32        0        0        0        0        0        0        0        0        0        0        0        0        0        0        0        0        0        0      468        0        0        0        0        0        0        0        0        0      443        0        0        0        0        0        0        0        0       12       52        0        0        0        0        0        0        0        0        0        0        0        0        0       82        0        0        0        0        0        0      479        0        0        0        0        0       58        0        0        0        0        0        0        0        0        0        1        0        0        4        0        0     1250      233      556 
99:        0        0        0        0        0        0        0        0        0        0        0        0        0        0        0        0        1        0        0        0        0        0        0        0        0        0        0        0        0        0        0        0        0        0        0        0        0        0        0        0        0        0       22        0        0      124        0        0        0        0        0        0        0        0       26        0        0        0        0       35        0       14        0        0        0        0        0        0        0      221        0        0        0        1        0        0        0        0        0        0        0        0        0        0        0        0        0        0        0        1        0        0        0        0        0        0        0        0       46     5652       78 
100:        0        0      622      141      383        0        0        0        0        0        0        0        9       35        5      149       21       10        0        8       15        6        0        0       21        0        0        0        0       86        3        0      110       74       35       86        0        0        0        0        0        0      112        0        0     1036       10        0        0        0       14       10        0        0      116      250       26       59       20       54       47      384        0       14        0        4       31        0        0       58       15        6        0       12      170        0        1        1        6        0        0        0       11        0        0        6        0        0      221        0       55        0        0        0        5        0        0        0       35      102     1798 
