Confusion Matrix:
       0   1   2   3   4   5   6   7   8
  0: 944   4  10   5   1   0   1  28   7
  1:   5 950   0   1   0   0   0   6  38
  2:  18   0 914  21  25  10   7   5   0
  3:   7   2  20 869  10  70  10   8   4
  4:   3   0  10  10 949  10  18   0   0
  5:   1   0  10  74  13 893   8   0   1
  6:   6   0   8  11  14  17 942   1   1
  7:  14   3   3   0   0   1   1 972   6
  8:   3  17   0   0   0   0   0  11 969
----------------------------------------
              precision    recall  f1-score   support

           0   0.943057  0.944000  0.943528      1000
           1   0.973361  0.950000  0.961538      1000
           2   0.937436  0.914000  0.925570      1000
           3   0.876892  0.869000  0.872928      1000
           4   0.937747  0.949000  0.943340      1000
           5   0.892108  0.893000  0.892554      1000
           6   0.954407  0.942000  0.948163      1000
           7   0.942774  0.972000  0.957164      1000
           8   0.944444  0.969000  0.956565      1000

    accuracy                       0.933556      9000
   macro avg   0.933581  0.933556  0.933483      9000
weighted avg   0.933581  0.933556  0.933483      9000
-----------------------------------------------------
Accuracy Macro Average: 0.933556
