Confusion Matrix:
         0    1    2    3    4    5    6    7    8    9
   0:  976    0    2    0    0    1    0    1    0    0
   1:    0 1126    8    0    0    1    0    0    0    0
   2:    2    0 1016    0    0    0    0   14    0    0
   3:    8    0  111  787    0  102    0    2    0    0
   4:    1   12    1    0  965    0    1    0    1    1
   5:    8    0    6    0    0  869    3    2    0    4
   6:   26    5   23    0    6   15  882    0    1    0
   7:    0   27   40    3    2    0    0  956    0    0
   8:   19    1    8    0    2    6    1    0  935    2
   9:   50   15   10    0   18    1    0    5   11  899
-------------------------------------------------------
              precision    recall  f1-score   support

           0   0.895413  0.995918  0.942995       980
           1   0.949410  0.992070  0.970271      1135
           2   0.829388  0.984496  0.900310      1032
           3   0.996203  0.779208  0.874444      1010
           4   0.971803  0.982688  0.977215       982
           5   0.873367  0.974215  0.921039       892
           6   0.994363  0.920668  0.956098       958
           7   0.975510  0.929961  0.952191      1028
           8   0.986287  0.959959  0.972945       974
           9   0.992274  0.890981  0.938903      1009

    accuracy                       0.941100     10000
   macro avg   0.946402  0.941017  0.940641     10000
weighted avg   0.946780  0.941100  0.940869     10000
-----------------------------------------------------
Accuracy Macro Average: 0.941017
