Confusion Matrix:
        0   1   2   3   4   5   6   7   8   9  10  11  12  13  14  15  16  17  18  19  20  21  22  23  24  25  26  27  28  29
   0:  15   0   0   0   0   0   0   0   0   0   0   0   0   0   0   0   0   0   0   0   0   0   0   0   0   0   0   0   0   0
   1:   0 130   0   6   0   0   0   0   0   0   0   0   0   3   0   0   0   2   0   0   0   0   0   1   0   0   0   0   0   0
   2:   0   0 197  21   0   0   0   0   0   0   0   0   0   0   0   0   0  12   0   0   0   0   0   1   0   0   0   0   0   0
   3:   0   0   0 498   0   0   0   0   0   0   0   0   0   0   0   0   0   5   0   0   0   1   0   0   0   0   0   0   0   0
   4:   0   0   0   0  83   0   0   0   0   1   0   0   0   0   1   0   0   2   0   0   0   0   0   0   0   0   0   0   0   0
   5:   0   0   0   0   1  15   0   0   0   0   0   0   0   0   0   0   0   0   0   0   0   0   0   0   0   0   0   0   0   0
   6:   0   1   0   8  12   3 329  19   1  21   0   0   1   7  24   3   7  59   0   0   2   0   0   0   0   0   0   0   0   0
   7:   0   0   0   0   0   0   0  16   0   0   0   0   0   0   0   0   0   0   0   0   0   0   0   0   0   0   0   0   0   0
   8:   0   0   0   0   0   0   0   1  31   1   0   0   0   0   0   0   0   0   0   0   0   0   0   0   0   0   0   0   0   0
   9:   0   0   0   1   0   0   0   0   6  96   0   0   0   0   0   0   0   0   0   0   0   0   0   0   0   0   0   0   0   0
  10:   0   0   0   0   1   0   0   1   0   1 111   0   0   0   2   0   0   2   0   0   0   0   0   0   0   0   0   0   0   0
  11:   0   0   0   0   0   0   0   0   0   0   0  43   0   0   0   0   0   0   0   0   0   0   0   0   0   0   0   0   0   0
  12:   0   0   0   0   0   0   0   0   0   0   0   0  17   0   0   0   0   0   0   0   0   0   0   0   0   0   0   0   0   0
  13:   0   0   0   1   0   0   0   1   0   4   0   0   7 179   0   1   3   1   8   0   0   0   0   0   0   0   0   0   0   0
  14:   0   0   0   0   1   1   0   1   0   2   0   0   3   0 408   0   0  26   0   0   0   0   0   2   0   0   0   0   0   1
  15:   0   0   0   0   0   1   0   0   0   1   0   0   0   1   0 200   0   0   0   0   0   0   0   0   0   0   0   0   0   0
  16:   0   0   0   0   0   0   0   0   0   9   0   0   2   5   1  37 278   6   0   0   0   0   0   2   0   0   0   0   0   0
  17:   0   0   0   0   2   1   0   0   0   3   0   0   0   0   2   1   4 260   0   1   0   0   0   0   0   0   0   0   0   0
  18:   0   0   0   1   0   0   0   0   0   0   0   0   0   0   0   0   0   1  40   0   0   0   0   1   0   0   0   0   0   0
  19:   0   0   0   0   0   1   0   0   0   1   0   0   0   0   4   1   2  22   1 242   0   0   0   0   0   0   0   0   0   0
  20:   0   0   0  18   0   0   0   0   0   2   0   0   0   7   0   0   0 107   0   0 826   4   0   0   0   0   0   0   0   0
  21:   0   0   0   1   0   0   0   0   0   0   0   0   0   1   0   0   0   4   0   0   1 651   0   0   0   0   0   0   0   0
  22:   0   0   0   0   0   0   0   0   0   2   0   0   0   1   0   0   0   0   0   0   0   1   9   0   0   0   0   0   0   0
  23:   0   0   0   0   0   0   0   0   0   0   0   0   0   0   0   0   0   0   0   0   0   0   0   1   8   0   0   0   0   0
  24:   0   0   0   0   0   0   0   0   0   0   0   1   0   0   0   0   0   0   0   0   0   0   0   3  10   0   0   0   0   0
  25:   0   0   0   1   0   0   0   0   0   0   0   0   0   0   0   0   0   1   0   0   0   0   0   4   0  14   0   0   0   0
  26:   0   0   0   0   0   0   0   0   0   0   0   0   0   0   0   0   0   0   0   0   0   0   0   0   0   0   1   0   0   0
  27:   0   0   0   0   0   0   0   0   0   0   0   0   0   0   0   0   0   4   0   0   0   0   0   5   1   0   0  49   1   0
  28:   0   0   0   1   0   0   0   0   0   0   0   3   0   0   0   0   0   0   0   0   0   0   0  11   1   0   0   0 106   0
  29:   0   0   0   0   0   0   0   0   0   0   0   0   0   0   0   0   0   1   0   0   0   0   0   3   2   0   0   0   0   8
-----------------------------------------------------------------------------------------------------------------------------
              precision    recall  f1-score   support

           0   1.000000  1.000000  1.000000        15
           1   0.992366  0.915493  0.952381       142
           2   1.000000  0.852814  0.920561       231
           3   0.894075  0.988095  0.938737       504
           4   0.830000  0.954023  0.887701        87
           5   0.681818  0.937500  0.789474        16
           6   1.000000  0.661972  0.796610       497
           7   0.410256  1.000000  0.581818        16
           8   0.815789  0.939394  0.873239        33
           9   0.666667  0.932039  0.777328       103
          10   1.000000  0.940678  0.969432       118
          11   0.914894  1.000000  0.955556        43
          12   0.566667  1.000000  0.723404        17
          13   0.877451  0.873171  0.875306       205
          14   0.923077  0.916854  0.919955       445
          15   0.823045  0.985222  0.896861       203
          16   0.945578  0.817647  0.876972       340
          17   0.504854  0.948905  0.659062       274
          18   0.816327  0.930233  0.869565        43
          19   0.995885  0.883212  0.936170       274
          20   0.996381  0.856846  0.921361       964
          21   0.990868  0.989362  0.990114       658
          22   1.000000  0.692308  0.818182        13
          23   0.029412  0.111111  0.046512         9
          24   0.454545  0.714286  0.555556        14
          25   1.000000  0.700000  0.823529        20
          26   1.000000  1.000000  1.000000         1
          27   1.000000  0.816667  0.899083        60
          28   0.990654  0.868852  0.925764       122
          29   0.888889  0.571429  0.695652        14

    accuracy                       0.887247      5481
   macro avg   0.833650  0.859937  0.829196      5481
weighted avg   0.922959  0.887247  0.894711      5481
-----------------------------------------------------
Accuracy Macro Average: 0.859937
