Confusion Matrix:
       0   1   2   3   4   5   6
  0: 227  14   0   0  66   2   0
  1:  91  15   0   0  26   3   0
  2:  87  47   0   0  43   0   0
  3:  39   3   0   0  30   3   0
  4:   6   7   0   0 194   0   0
  5:  76   4   0   0   4   0   0
  6:  12   5   0   0  27   0 205
--------------------------------
              precision    recall  f1-score   support

           0   0.421933  0.734628  0.536009       309
           1   0.157895  0.111111  0.130435       135
           2   0.000000  0.000000  0.000000       177
           3   0.000000  0.000000  0.000000        75
           4   0.497436  0.937198  0.649916       207
           5   0.000000  0.000000  0.000000        84
           6   1.000000  0.823293  0.903084       249

    accuracy                       0.518608      1236
   macro avg   0.296752  0.372319  0.317063      1236
weighted avg   0.407494  0.518608  0.439026      1236
-----------------------------------------------------
Accuracy Macro Average: 0.372319
