Average: 0.518608
Micro Average: 0.518608
Macro Average: 0.317063
Confusion Matrix:
           0        1        2        3        4        5        6
 0:      227       14        0        0       66        2        0 
 1:       91       15        0        0       26        3        0 
 2:       87       47        0        0       43        0        0 
 3:       39        3        0        0       30        3        0 
 4:        6        7        0        0      194        0        0 
 5:       76        4        0        0        4        0        0 
 6:       12        5        0        0       27        0      205 
