Confusion Matrix:
         0    1    2    3    4    5    6    7    8    9
   0:  978    0    1    0    0    0    0    1    0    0
   1:    0 1132    1    0    0    1    1    0    0    0
   2:    3    0 1019    0    0    4    0    6    0    0
   3:    0    0    2  980    0   23    0    1    4    0
   4:    0    1    0    0  979    0    0    0    0    2
   5:    1    0    1    0    0  888    1    0    0    1
   6:   12    3    1    0    2    1  938    0    1    0
   7:    0    5    2    0    1    1    0 1019    0    0
   8:    1    1    1    0    0    1    0    0  969    1
   9:    2    1    2    0    7    1    0    4    3  989
-------------------------------------------------------
              precision    recall  f1-score   support

           0   0.980943  0.997959  0.989378       980
           1   0.990376  0.997357  0.993854      1135
           2   0.989320  0.987403  0.988361      1032
           3   1.000000  0.970297  0.984925      1010
           4   0.989889  0.996945  0.993404       982
           5   0.965217  0.995516  0.980132       892
           6   0.997872  0.979123  0.988409       958
           7   0.988361  0.991245  0.989801      1028
           8   0.991812  0.994867  0.993337       974
           9   0.995972  0.980178  0.988012      1009

    accuracy                       0.989100     10000
   macro avg   0.988976  0.989089  0.988961     10000
weighted avg   0.989238  0.989100  0.989100     10000
-----------------------------------------------------
Accuracy Macro Average: 0.989089
