Confusion Matrix:
        0   1   2   3   4   5   6   7   8   9  10  11  12  13  14  15  16  17  18  19  20  21  22  23  24  25  26  27  28  29
   0:  15   0   0   0   0   0   0   0   0   0   0   0   0   0   0   0   0   0   0   0   0   0   0   0   0   0   0   0   0   0
   1:   1 139   1   0   0   0   0   0   0   0   0   0   0   0   0   0   0   0   0   0   1   0   0   0   0   0   0   0   0   0
   2:   0   1 229   0   0   0   0   0   0   0   0   0   0   0   0   0   0   0   0   0   1   0   0   0   0   0   0   0   0   0
   3:   0   6   1 496   0   0   0   0   0   0   0   0   0   0   0   0   0   0   0   0   0   1   0   0   0   0   0   0   0   0
   4:   0   0   0   0  84   0   2   0   0   1   0   0   0   0   0   0   0   0   0   0   0   0   0   0   0   0   0   0   0   0
   5:   0   0   0   0   0  16   0   0   0   0   0   0   0   0   0   0   0   0   0   0   0   0   0   0   0   0   0   0   0   0
   6:   0   0   0   0   1   0 495   0   0   1   0   0   0   0   0   0   0   0   0   0   0   0   0   0   0   0   0   0   0   0
   7:   0   0   0   0   0   0   0  16   0   0   0   0   0   0   0   0   0   0   0   0   0   0   0   0   0   0   0   0   0   0
   8:   0   0   0   0   0   0   0   0  32   1   0   0   0   0   0   0   0   0   0   0   0   0   0   0   0   0   0   0   0   0
   9:   0   0   0   0   0   0   1   0   5  97   0   0   0   0   0   0   0   0   0   0   0   0   0   0   0   0   0   0   0   0
  10:   0   0   0   0   0   0   0   0   0   0 118   0   0   0   0   0   0   0   0   0   0   0   0   0   0   0   0   0   0   0
  11:   0   0   0   0   0   0   0   0   0   0   0  43   0   0   0   0   0   0   0   0   0   0   0   0   0   0   0   0   0   0
  12:   0   0   0   0   0   0   0   0   0   0   0   0  17   0   0   0   0   0   0   0   0   0   0   0   0   0   0   0   0   0
  13:   0   0   0   0   0   0   0   0   0   0   0   0   1 199   4   0   1   0   0   0   0   0   0   0   0   0   0   0   0   0
  14:   0   0   0   0   0   0   0   0   0   0   0   0   0   0 442   0   2   0   0   0   1   0   0   0   0   0   0   0   0   0
  15:   0   0   0   0   0   0   0   0   0   0   0   0   0   1   0 201   1   0   0   0   0   0   0   0   0   0   0   0   0   0
  16:   0   0   0   0   0   0   0   0   0   0   0   0   0  32   3   1 297   2   2   2   1   0   0   0   0   0   0   0   0   0
  17:   0   0   0   0   0   0   0   0   0   0   0   0   0   1   3   0   4 264   1   1   0   0   0   0   0   0   0   0   0   0
  18:   0   0   0   0   0   0   0   0   0   0   0   0   0   0   0   0   0   0  43   0   0   0   0   0   0   0   0   0   0   0
  19:   0   0   0   0   0   1   0   0   0   0   0   0   0   1   0   0   2   3   0 267   0   0   0   0   0   0   0   0   0   0
  20:   0   2   0   6   0   0   0   0   0   0   0   0   0   0   0   0   0   0   0   0 953   2   1   0   0   0   0   0   0   0
  21:   0   0   0   1   0   0   1   0   0   0   0   0   0   0   0   0   0   0   0   0   0 656   0   0   0   0   0   0   0   0
  22:   0   0   0   0   0   0   0   0   0   0   0   0   0   0   0   0   0   0   0   0   0   0  13   0   0   0   0   0   0   0
  23:   0   0   0   0   0   0   0   0   0   0   0   0   0   0   0   0   0   0   0   0   0   0   0   8   1   0   0   0   0   0
  24:   0   0   0   0   0   0   0   0   0   0   0   0   0   0   0   0   0   0   0   0   0   0   0   3  11   0   0   0   0   0
  25:   0   0   0   0   0   0   0   0   0   0   0   0   0   0   0   0   0   0   0   0   0   0   0   0   0  19   0   0   0   1
  26:   0   0   0   0   0   0   0   0   0   0   0   0   0   0   0   0   0   0   0   0   0   0   0   0   0   0   1   0   0   0
  27:   0   0   0   0   0   0   0   0   0   0   0   0   0   0   0   0   0   0   0   0   0   0   0   0   0   5   0  55   0   0
  28:   0   0   0   0   0   0   0   0   0   0   0   0   0   0   0   0   0   0   0   0   0   0   0   0   2   0   2   0 117   1
  29:   0   0   0   0   0   0   0   0   0   0   0   0   0   0   0   0   0   0   0   0   1   0   0   0   0   0   0   0   0  13
-----------------------------------------------------------------------------------------------------------------------------
              precision    recall  f1-score   support

           0   0.937500  1.000000  0.967742        15
           1   0.939189  0.978873  0.958621       142
           2   0.991342  0.991342  0.991342       231
           3   0.986083  0.984127  0.985104       504
           4   0.988235  0.965517  0.976744        87
           5   0.941176  1.000000  0.969697        16
           6   0.991984  0.995976  0.993976       497
           7   1.000000  1.000000  1.000000        16
           8   0.864865  0.969697  0.914286        33
           9   0.970000  0.941748  0.955665       103
          10   1.000000  1.000000  1.000000       118
          11   1.000000  1.000000  1.000000        43
          12   0.944444  1.000000  0.971429        17
          13   0.850427  0.970732  0.906606       205
          14   0.977876  0.993258  0.985507       445
          15   0.995050  0.990148  0.992593       203
          16   0.967427  0.873529  0.918083       340
          17   0.981413  0.963504  0.972376       274
          18   0.934783  1.000000  0.966292        43
          19   0.988889  0.974453  0.981618       274
          20   0.994781  0.988589  0.991675       964
          21   0.995448  0.996960  0.996203       658
          22   0.928571  1.000000  0.962963        13
          23   0.727273  0.888889  0.800000         9
          24   0.785714  0.785714  0.785714        14
          25   0.791667  0.950000  0.863636        20
          26   0.333333  1.000000  0.500000         1
          27   1.000000  0.916667  0.956522        60
          28   1.000000  0.959016  0.979079       122
          29   0.866667  0.928571  0.896552        14

    accuracy                       0.977194      5481
   macro avg   0.922471  0.966910  0.938001      5481
weighted avg   0.978532  0.977194  0.977395      5481
-----------------------------------------------------
Accuracy Macro Average: 0.966910
