Confusion Matrix:
         0    1    2    3    4    5    6    7    8    9
   0: 2387   53   19   28    6    3   42    8    5   53
   1:   57 2399   30   30   16    5    8   45    8    6
   2:    4   17 2407   66   14   36    7   16    9   28
   3:    7   36   52 2318   16  107   17   12   26   13
   4:   13   94   52   60 2312   15   21    4   14   19
   5:    2   16   39  122    9 2368   25    9   10    4
   6:   52   20   13   70   16  115 2220    2   73   23
   7:   11   87   53   75    3   26    4 2342    2    1
   8:   14   31   39   96   13   39  110    5 2229   28
   9:   70   23  116   56   13   36   24   10   30 2226
-------------------------------------------------------
              precision    recall  f1-score   support

           0   0.912113  0.916667  0.914384      2604
           1   0.864193  0.921275  0.891822      2604
           2   0.853546  0.924347  0.887537      2604
           3   0.793564  0.890169  0.839095      2604
           4   0.956162  0.887865  0.920749      2604
           5   0.861091  0.909370  0.884572      2604
           6   0.895884  0.852535  0.873672      2604
           7   0.954749  0.899386  0.926241      2604
           8   0.926434  0.855991  0.889820      2604
           9   0.927114  0.854839  0.889510      2604

    accuracy                       0.891244     26040
   macro avg   0.894485  0.891244  0.891740     26040
weighted avg   0.894485  0.891244  0.891740     26040
-----------------------------------------------------
Accuracy Macro Average: 0.891244
