Confusion Matrix:
         0    1    2    3    4    5    6    7    8    9
   0: 2389   49   16   26    5    5   49    7    5   53
   1:   32 2452   25   27   12    3    6   39    5    3
   2:    4   17 2441   45   20   25    6   14    6   26
   3:    6   32   39 2349   14   93   18   13   26   14
   4:    8   75   36   31 2403    9   17    3    7   15
   5:    1   16   36  104   10 2391   22   12    7    5
   6:   34   24   14   50   17   95 2271    2   78   19
   7:    8   86   48   48    3   20    4 2384    2    1
   8:   11   26   32   82   14   28   91    4 2284   32
   9:   47   28   94   53   17   34   19   11   31 2270
-------------------------------------------------------
              precision    recall  f1-score   support

           0   0.940551  0.917435  0.928849      2604
           1   0.874153  0.941628  0.906637      2604
           2   0.877742  0.937404  0.906592      2604
           3   0.834458  0.902074  0.866950      2604
           4   0.955467  0.922811  0.938855      2604
           5   0.884573  0.918203  0.901074      2604
           6   0.907311  0.872120  0.889368      2604
           7   0.957814  0.915515  0.936187      2604
           8   0.931865  0.877112  0.903660      2604
           9   0.931091  0.871736  0.900436      2604

    accuracy                       0.907604     26040
   macro avg   0.909503  0.907604  0.907861     26040
weighted avg   0.909503  0.907604  0.907861     26040
-----------------------------------------------------
Accuracy Macro Average: 0.907604
