Confusion Matrix:
         0    1    2    3    4    5    6    7    8    9
   0: 2404   65   17   11   11    3   36    7   10   40
   1:    6 2517   22   11   15    5    4   20    2    2
   2:    5   15 2489   26   20   11    5   11    3   19
   3:    5   45   39 2384   15   57   16   15   12   16
   4:    2   73   28   15 2457    4    9    2    5    9
   5:    1   23   39   78   11 2387   36   12    7   10
   6:   28   28   14   42   20   57 2337    3   57   18
   7:    5   95   45   24    9    8    3 2412    1    2
   8:    6   30   31   60   24   12   70    5 2338   28
   9:   42   33   80   38   22   20   14   12   24 2319
-------------------------------------------------------
              precision    recall  f1-score   support

           0   0.960064  0.923195  0.941269      2604
           1   0.860807  0.966590  0.910637      2604
           2   0.887660  0.955837  0.920488      2604
           3   0.886575  0.915515  0.900812      2604
           4   0.943548  0.943548  0.943548      2604
           5   0.930967  0.916667  0.923762      2604
           6   0.923715  0.897465  0.910401      2604
           7   0.965186  0.926267  0.945326      2604
           8   0.950793  0.897849  0.923563      2604
           9   0.941535  0.890553  0.915335      2604

    accuracy                       0.923349     26040
   macro avg   0.925085  0.923349  0.923514     26040
weighted avg   0.925085  0.923349  0.923514     26040
-----------------------------------------------------
Accuracy Macro Average: 0.923349
