Confusion Matrix:
       0   1   2   3   4   5   6
  0: 259  10  11   2   8  19   0
  1:  16  90   9   0   0  20   0
  2:   2  12 163   0   0   0   0
  3:   0   0   1  64  10   0   0
  4:   0   0   0   0 207   0   0
  5:   9   0   0   0   0  75   0
  6:   3   0   0   2   4   0 240
--------------------------------
              precision    recall  f1-score   support

           0   0.896194  0.838188  0.866221       309
           1   0.803571  0.666667  0.728745       135
           2   0.885870  0.920904  0.903047       177
           3   0.941176  0.853333  0.895105        75
           4   0.903930  1.000000  0.949541       207
           5   0.657895  0.892857  0.757576        84
           6   1.000000  0.963855  0.981595       249

    accuracy                       0.888350      1236
   macro avg   0.869805  0.876543  0.868833      1236
weighted avg   0.893341  0.888350  0.888045      1236
-----------------------------------------------------
Accuracy Macro Average: 0.876543
