Average: 0.888350
Micro Average: 0.888350
Macro Average: 0.868833
Confusion Matrix:
           0        1        2        3        4        5        6
 0:      259       10       11        2        8       19        0 
 1:       16       90        9        0        0       20        0 
 2:        2       12      163        0        0        0        0 
 3:        0        0        1       64       10        0        0 
 4:        0        0        0        0      207        0        0 
 5:        9        0        0        0        0       75        0 
 6:        3        0        0        2        4        0      240 
