Confusion Matrix:
       0   1   2   3   4   5   6   7   8
  0: 837   5  32  20   4   6   6  55  35
  1:   6 897   2   0   0   1   3   3  88
  2:  46   4 710  71  96  45  12   9   7
  3:   6   5  42 714  39 135  33  11  15
  4:  12   1  14  48 840  23  52   6   4
  5:   4   2  53 155  31 686  61   5   3
  6:  10   3  17  30  41  37 851   3   8
  7:  87  26   7  11   0   3   0 834  32
  8:   5  36   2   2   0   1   4   5 945
----------------------------------------
              precision    recall  f1-score   support

           0   0.826259  0.837000  0.831595      1000
           1   0.916241  0.897000  0.906518      1000
           2   0.807736  0.710000  0.755721      1000
           3   0.679353  0.714000  0.696246      1000
           4   0.799239  0.840000  0.819113      1000
           5   0.732124  0.686000  0.708312      1000
           6   0.832681  0.851000  0.841741      1000
           7   0.895811  0.834000  0.863801      1000
           8   0.831135  0.945000  0.884417      1000

    accuracy                       0.812667      9000
   macro avg   0.813398  0.812667  0.811940      9000
weighted avg   0.813398  0.812667  0.811940      9000
-----------------------------------------------------
Accuracy Macro Average: 0.812667
