Confusion Matrix:
       0   1   2   3   4   5   6   7   8
  0: 941   3  11   4   2   0   0  33   6
  1:   5 958   0   0   0   0   0   6  31
  2:  13   0 916  23  27   9   5   7   0
  3:   6   1  22 861  18  71  13   5   3
  4:   1   0  13  11 952   7  15   0   1
  5:   4   0   6  59  13 909   7   0   2
  6:   6   0   8   9  17  11 947   2   0
  7:  16   4   2   0   0   1   0 969   8
  8:   6  21   1   1   0   0   0  11 960
----------------------------------------
              precision    recall  f1-score   support

           0   0.942886  0.941000  0.941942      1000
           1   0.970618  0.958000  0.964268      1000
           2   0.935649  0.916000  0.925720      1000
           3   0.889463  0.861000  0.875000      1000
           4   0.925170  0.952000  0.938393      1000
           5   0.901786  0.909000  0.905378      1000
           6   0.959473  0.947000  0.953196      1000
           7   0.938045  0.969000  0.953271      1000
           8   0.949555  0.960000  0.954749      1000

    accuracy                       0.934778      9000
   macro avg   0.934738  0.934778  0.934657      9000
weighted avg   0.934738  0.934778  0.934657      9000
-----------------------------------------------------
Accuracy Macro Average: 0.934778
