Average: 0.919903
Micro Average: 0.919903
Macro Average: 0.909371
Confusion Matrix:
           0        1        2        3        4        5        6
 0:      275       11        2        0        5       16        0 
 1:        7      116        3        0        0        9        0 
 2:        7       19      151        0        0        0        0 
 3:        1        0        3       66        3        2        0 
 4:        0        0        0        0      207        0        0 
 5:        3        0        0        0        0       81        0 
 6:        7        0        0        1        0        0      241 
