Confusion Matrix:
       0   1   2   3   4   5   6
  0: 275  11   2   0   5  16   0
  1:   7 116   3   0   0   9   0
  2:   7  19 151   0   0   0   0
  3:   1   0   3  66   3   2   0
  4:   0   0   0   0 207   0   0
  5:   3   0   0   0   0  81   0
  6:   7   0   0   1   0   0 241
--------------------------------
              precision    recall  f1-score   support

           0   0.916667  0.889968  0.903120       309
           1   0.794521  0.859259  0.825623       135
           2   0.949686  0.853107  0.898810       177
           3   0.985075  0.880000  0.929577        75
           4   0.962791  1.000000  0.981043       207
           5   0.750000  0.964286  0.843750        84
           6   1.000000  0.967871  0.983673       249

    accuracy                       0.919903      1236
   macro avg   0.908391  0.916356  0.909371      1236
weighted avg   0.925391  0.919903  0.920887      1236
-----------------------------------------------------
Accuracy Macro Average: 0.916356
