Confusion Matrix:
       0   1   2   3   4   5   6   7   8
  0:  96 104 107 122  84  82 137 176  92
  1:  79 131 124 128 108 101 110 127  92
  2: 118 115 123 113  79  59 139 159  95
  3: 112 130 130 104  93  66 142 119 104
  4: 110 147 111  82  83  66 112 162 127
  5: 117 119 120  85 129  68 131 142  89
  6:  95 129 111 106  99  75 119 140 126
  7:  80 115 113 139 103  79 146 152  73
  8:  91 126 124 125 119  90 107 115 103
----------------------------------------
              precision    recall  f1-score   support

           0   0.106904  0.096000  0.101159      1000
           1   0.117384  0.131000  0.123819      1000
           2   0.115710  0.123000  0.119244      1000
           3   0.103586  0.104000  0.103792      1000
           4   0.092531  0.083000  0.087507      1000
           5   0.099125  0.068000  0.080664      1000
           6   0.104112  0.119000  0.111059      1000
           7   0.117647  0.152000  0.132635      1000
           8   0.114317  0.103000  0.108364      1000

    accuracy                       0.108778      9000
   macro avg   0.107924  0.108778  0.107583      9000
weighted avg   0.107924  0.108778  0.107583      9000
-----------------------------------------------------
Accuracy Macro Average: 0.108778
