Confusion Matrix:
         0    1    2    3    4    5    6    7    8    9
   0:  974    0    2    0    0    1    1    2    0    0
   1:    0 1134    1    0    0    0    0    0    0    0
   2:    0    0  998   22    0    1    3    7    1    0
   3:    0    0    1 1001    0    2    0    1    5    0
   4:    0    0    0    0  973    0    0    0    1    8
   5:    1    0    0    8    0  878    5    0    0    0
   6:   10    1    0    0    2    0  944    0    1    0
   7:    1    6    3    1    3    2    0 1010    0    2
   8:    0    1    1    0    0    0    0    0  970    2
   9:    1    1    3    0    5    2    0    4    2  991
-------------------------------------------------------
              precision    recall  f1-score   support

           0   0.986829  0.993878  0.990341       980
           1   0.992126  0.999119  0.995610      1135
           2   0.989098  0.967054  0.977952      1032
           3   0.969961  0.991089  0.980411      1010
           4   0.989827  0.990835  0.990331       982
           5   0.990971  0.984305  0.987627       892
           6   0.990556  0.985386  0.987964       958
           7   0.986328  0.982490  0.984405      1028
           8   0.989796  0.995893  0.992835       974
           9   0.988036  0.982161  0.985089      1009

    accuracy                       0.987300     10000
   macro avg   0.987353  0.987221  0.987257     10000
weighted avg   0.987341  0.987300  0.987290     10000
-----------------------------------------------------
Accuracy Macro Average: 0.987221
