Confusion Matrix:
        0   1   2   3   4   5   6   7   8   9  10  11  12  13  14  15  16  17  18  19  20  21  22  23  24  25  26  27  28  29
   0:  15   0   0   0   0   0   0   0   0   0   0   0   0   0   0   0   0   0   0   0   0   0   0   0   0   0   0   0   0   0
   1:   1 141   0   0   0   0   0   0   0   0   0   0   0   0   0   0   0   0   0   0   0   0   0   0   0   0   0   0   0   0
   2:   0   0 231   0   0   0   0   0   0   0   0   0   0   0   0   0   0   0   0   0   0   0   0   0   0   0   0   0   0   0
   3:   1   0   0 502   0   0   0   0   0   0   0   0   0   0   0   0   0   0   0   0   0   1   0   0   0   0   0   0   0   0
   4:   0   0   0   0  87   0   0   0   0   0   0   0   0   0   0   0   0   0   0   0   0   0   0   0   0   0   0   0   0   0
   5:   0   0   0   0   0  16   0   0   0   0   0   0   0   0   0   0   0   0   0   0   0   0   0   0   0   0   0   0   0   0
   6:   0   0   0   0   2   0 495   0   0   0   0   0   0   0   0   0   0   0   0   0   0   0   0   0   0   0   0   0   0   0
   7:   0   0   0   0   0   0   0  16   0   0   0   0   0   0   0   0   0   0   0   0   0   0   0   0   0   0   0   0   0   0
   8:   0   0   0   0   0   0   0   0  32   1   0   0   0   0   0   0   0   0   0   0   0   0   0   0   0   0   0   0   0   0
   9:   0   0   0   0   0   0   0   0   5  98   0   0   0   0   0   0   0   0   0   0   0   0   0   0   0   0   0   0   0   0
  10:   0   0   0   0   0   0   0   0   0   0 118   0   0   0   0   0   0   0   0   0   0   0   0   0   0   0   0   0   0   0
  11:   0   0   0   0   0   0   0   0   0   0   0  43   0   0   0   0   0   0   0   0   0   0   0   0   0   0   0   0   0   0
  12:   0   0   0   0   0   0   0   0   0   0   0   0  17   0   0   0   0   0   0   0   0   0   0   0   0   0   0   0   0   0
  13:   0   0   0   0   0   1   0   0   0   0   0   0   0 202   0   0   1   0   1   0   0   0   0   0   0   0   0   0   0   0
  14:   0   0   0   1   0   0   0   0   0   0   0   0   0   0 442   0   2   0   0   0   0   0   0   0   0   0   0   0   0   0
  15:   0   0   0   0   0   1   0   0   0   0   0   0   0   0   1 200   1   0   0   0   0   0   0   0   0   0   0   0   0   0
  16:   0   0   0   0   0   0   0   0   0   0   0   0   0   1   0   0 338   0   0   0   1   0   0   0   0   0   0   0   0   0
  17:   0   0   0   0   0   0   0   0   0   0   0   0   0   1   1   0   6 265   1   0   0   0   0   0   0   0   0   0   0   0
  18:   0   0   0   0   0   0   0   0   0   0   0   0   0   0   0   0   0   0  43   0   0   0   0   0   0   0   0   0   0   0
  19:   0   0   0   0   0   1   0   0   0   0   0   0   0   0   0   0   1   0   0 272   0   0   0   0   0   0   0   0   0   0
  20:   0   0   0   2   0   0   1   0   0   0   0   0   0   0   0   0   0   0   0   0 959   2   0   0   0   0   0   0   0   0
  21:   0   0   1   1   0   0   0   0   0   0   0   0   0   0   0   0   0   0   0   0   0 656   0   0   0   0   0   0   0   0
  22:   0   0   0   0   0   0   0   0   0   0   0   0   0   0   0   0   0   0   0   0   0   0  13   0   0   0   0   0   0   0
  23:   0   0   0   0   0   0   0   0   0   0   0   0   0   0   0   0   0   0   0   0   0   0   0   9   0   0   0   0   0   0
  24:   0   0   0   0   0   0   0   0   0   0   0   0   0   0   0   0   0   0   0   0   0   0   0   3  11   0   0   0   0   0
  25:   0   0   0   0   0   0   0   0   0   0   0   0   0   0   0   0   0   0   0   0   0   0   0   0   0  19   0   0   0   1
  26:   0   0   0   0   0   0   0   0   0   0   0   0   0   0   0   0   0   0   0   0   0   0   0   0   0   0   1   0   0   0
  27:   0   0   0   0   0   0   0   0   0   0   0   0   0   0   0   0   0   0   0   0   0   0   0   0   0   2   0  58   0   0
  28:   0   0   0   0   0   0   0   0   0   0   0   0   0   0   0   0   0   0   0   0   0   0   0   1   1   0   0   0 119   1
  29:   0   0   0   0   0   0   0   0   0   0   0   0   0   0   0   0   0   0   0   0   0   0   0   0   1   0   0   0   0  13
-----------------------------------------------------------------------------------------------------------------------------
              precision    recall  f1-score   support

           0   0.882353  1.000000  0.937500        15
           1   1.000000  0.992958  0.996466       142
           2   0.995690  1.000000  0.997840       231
           3   0.992095  0.996032  0.994059       504
           4   0.977528  1.000000  0.988636        87
           5   0.842105  1.000000  0.914286        16
           6   0.997984  0.995976  0.996979       497
           7   1.000000  1.000000  1.000000        16
           8   0.864865  0.969697  0.914286        33
           9   0.989899  0.951456  0.970297       103
          10   1.000000  1.000000  1.000000       118
          11   1.000000  1.000000  1.000000        43
          12   1.000000  1.000000  1.000000        17
          13   0.990196  0.985366  0.987775       205
          14   0.995495  0.993258  0.994376       445
          15   1.000000  0.985222  0.992556       203
          16   0.968481  0.994118  0.981132       340
          17   1.000000  0.967153  0.983302       274
          18   0.955556  1.000000  0.977273        43
          19   1.000000  0.992701  0.996337       274
          20   0.998958  0.994813  0.996881       964
          21   0.995448  0.996960  0.996203       658
          22   1.000000  1.000000  1.000000        13
          23   0.692308  1.000000  0.818182         9
          24   0.846154  0.785714  0.814815        14
          25   0.904762  0.950000  0.926829        20
          26   1.000000  1.000000  1.000000         1
          27   1.000000  0.966667  0.983051        60
          28   1.000000  0.975410  0.987552       122
          29   0.866667  0.928571  0.896552        14

    accuracy                       0.990878      5481
   macro avg   0.958551  0.980736  0.968106      5481
weighted avg   0.991413  0.990878  0.990995      5481
-----------------------------------------------------
Accuracy Macro Average: 0.980736
