Confusion Matrix:
       0   1   2   3   4   5   6   7   8
  0: 937   4  10   7   7   0   1  21  13
  1:   7 952   0   1   0   1   1   3  35
  2:  25   1 894  27  23  17   8   4   1
  3:  11   1  20 823  33  88  15   5   4
  4:   8   1  14  24 913  14  24   1   1
  5:   3   0  13  88  18 862  15   1   0
  6:   6   1   9  15  18  24 926   0   1
  7:  35   7   3   5   1   0   3 940   6
  8:  11  36   4   4   0   0   1   8 936
----------------------------------------
              precision    recall  f1-score   support

           0   0.898370  0.937000  0.917279      1000
           1   0.949153  0.952000  0.950574      1000
           2   0.924509  0.894000  0.908998      1000
           3   0.827968  0.823000  0.825476      1000
           4   0.901283  0.913000  0.907104      1000
           5   0.856859  0.862000  0.859422      1000
           6   0.931590  0.926000  0.928786      1000
           7   0.956256  0.940000  0.948058      1000
           8   0.938816  0.936000  0.937406      1000

    accuracy                       0.909222      9000
   macro avg   0.909423  0.909222  0.909234      9000
weighted avg   0.909423  0.909222  0.909234      9000
-----------------------------------------------------
Accuracy Macro Average: 0.909222
