Confusion Matrix:
         0    1    2    3    4    5    6    7    8    9
   0:  865    0   18    0    0   49   20    1   26    1
   1:    0 1103    6    0    5    1    6    4   10    0
   2:    2    1  975    0    0   13    1   38    1    1
   3:    0    0   58  839    0   87    0   15   10    1
   4:    0   14    7    0  924    0   30    0    1    6
   5:    0    0    1    0    0  887    1    1    2    0
   6:    5    2    2    0    1    8  924    0   16    0
   7:    1    2   15    1   15   39    0  948    1    6
   8:    1    0    1    0    0    1    0    0  969    2
   9:   63    0    4    0    1    4    2    0    4  931
-------------------------------------------------------
              precision    recall  f1-score   support

           0   0.923159  0.882653  0.902452       980
           1   0.983066  0.971806  0.977404      1135
           2   0.896964  0.944767  0.920245      1032
           3   0.998810  0.830693  0.907027      1010
           4   0.976744  0.940937  0.958506       982
           5   0.814509  0.994395  0.895507       892
           6   0.939024  0.964509  0.951596       958
           7   0.941410  0.922179  0.931695      1028
           8   0.931731  0.994867  0.962264       974
           9   0.982068  0.922696  0.951456      1009

    accuracy                       0.936500     10000
   macro avg   0.938748  0.936950  0.935815     10000
weighted avg   0.940641  0.936500  0.936627     10000
-----------------------------------------------------
Accuracy Macro Average: 0.936950
