Confusion Matrix:
       0   1   2   3   4   5   6   7   8
  0: 948   3   7   6   2   0   0  31   3
  1:   5 963   0   0   0   0   0   6  26
  2:  18   0 894  31  31  13   6   7   0
  3:   6   1  11 888  21  59   6   5   3
  4:   1   0   5  12 959   8  14   1   0
  5:   3   2   3  59  15 910   8   0   0
  6:   6   0   6  12  23  15 938   0   0
  7:  13   4   2   0   1   1   1 973   5
  8:   6  28   0   0   0   0   0  13 953
----------------------------------------
              precision    recall  f1-score   support

           0   0.942346  0.948000  0.945165      1000
           1   0.962038  0.963000  0.962519      1000
           2   0.963362  0.894000  0.927386      1000
           3   0.880952  0.888000  0.884462      1000
           4   0.911597  0.959000  0.934698      1000
           5   0.904573  0.910000  0.907278      1000
           6   0.964029  0.938000  0.950836      1000
           7   0.939189  0.973000  0.955796      1000
           8   0.962626  0.953000  0.957789      1000

    accuracy                       0.936222      9000
   macro avg   0.936746  0.936222  0.936214      9000
weighted avg   0.936746  0.936222  0.936214      9000
-----------------------------------------------------
Accuracy Macro Average: 0.936222
