Confusion Matrix:
       0   1   2   3   4   5   6
  0:  79   4   0   0 226   0   0
  1:  30   2   0   0 103   0   0
  2:  25   3   0   0 149   0   0
  3:   7   4   0   0  61   3   0
  4:   0   0   0   0 207   0   0
  5:  40   0   0   0  44   0   0
  6:   3   8   0   0  25   0 213
--------------------------------
              precision    recall  f1-score   support

           0   0.429348  0.255663  0.320487       309
           1   0.095238  0.014815  0.025641       135
           2   0.000000  0.000000  0.000000       177
           3   0.000000  0.000000  0.000000        75
           4   0.253988  1.000000  0.405088       207
           5   0.000000  0.000000  0.000000        84
           6   1.000000  0.855422  0.922078       249

    accuracy                       0.405340      1236
   macro avg   0.254082  0.303700  0.239042      1236
weighted avg   0.361732  0.405340  0.336523      1236
-----------------------------------------------------
Accuracy Macro Average: 0.303700
