Average: 0.405340
Micro Average: 0.405340
Macro Average: 0.239042
Confusion Matrix:
           0        1        2        3        4        5        6
 0:       79        4        0        0      226        0        0 
 1:       30        2        0        0      103        0        0 
 2:       25        3        0        0      149        0        0 
 3:        7        4        0        0       61        3        0 
 4:        0        0        0        0      207        0        0 
 5:       40        0        0        0       44        0        0 
 6:        3        8        0        0       25        0      213 
