Average: 0.885113
Micro Average: 0.885113
Macro Average: 0.865319
Confusion Matrix:
           0        1        2        3        4        5        6
 0:      252       13        5        4       16       19        0 
 1:       13      107        5        0        0       10        0 
 2:        6       15      156        0        0        0        0 
 3:        0        0       13       59        3        0        0 
 4:        0        0        0        0      207        0        0 
 5:        6        3        0        2        0       73        0 
 6:        3        0        0        3        3        0      240 
