Confusion Matrix:
       0   1   2   3   4   5   6
  0: 252  13   5   4  16  19   0
  1:  13 107   5   0   0  10   0
  2:   6  15 156   0   0   0   0
  3:   0   0  13  59   3   0   0
  4:   0   0   0   0 207   0   0
  5:   6   3   0   2   0  73   0
  6:   3   0   0   3   3   0 240
--------------------------------
              precision    recall  f1-score   support

           0   0.900000  0.815534  0.855688       309
           1   0.775362  0.792593  0.783883       135
           2   0.871508  0.881356  0.876404       177
           3   0.867647  0.786667  0.825175        75
           4   0.903930  1.000000  0.949541       207
           5   0.715686  0.869048  0.784946        84
           6   1.000000  0.963855  0.981595       249

    accuracy                       0.885113      1236
   macro avg   0.862019  0.872722  0.865319      1236
weighted avg   0.888621  0.885113  0.885235      1236
-----------------------------------------------------
Accuracy Macro Average: 0.872722
