Confusion Matrix:
       0   1   2   3   4   5   6   7   8
  0: 908   2  13   9   3   1   6  47  11
  1:   8 907   0   2   0   0   2  19  62
  2:  45   2 843  37  42  15   7   9   0
  3:  12   3  25 815  32  81  17   9   6
  4:  12   0  24  40 868  19  32   4   1
  5:   5   1  12 129  13 821  17   1   1
  6:  15   0  11  28  27  45 869   4   1
  7:  36   5   0   3   1   1   1 942  11
  8:  11  19   0   0   0   1   1  12 956
----------------------------------------
              precision    recall  f1-score   support

           0   0.863118  0.908000  0.884990      1000
           1   0.965921  0.907000  0.935534      1000
           2   0.908405  0.843000  0.874481      1000
           3   0.766698  0.815000  0.790111      1000
           4   0.880325  0.868000  0.874119      1000
           5   0.834350  0.821000  0.827621      1000
           6   0.912815  0.869000  0.890369      1000
           7   0.899713  0.942000  0.920371      1000
           8   0.911344  0.956000  0.933138      1000

    accuracy                       0.881000      9000
   macro avg   0.882521  0.881000  0.881193      9000
weighted avg   0.882521  0.881000  0.881193      9000
-----------------------------------------------------
Accuracy Macro Average: 0.881000
