Confusion Matrix:
        0   1   2   3   4   5   6   7   8   9  10  11  12  13  14  15  16  17  18  19  20  21  22  23  24  25  26  27  28  29
   0:  15   0   0   0   0   0   0   0   0   0   0   0   0   0   0   0   0   0   0   0   0   0   0   0   0   0   0   0   0   0
   1:   2 139   0   0   0   0   0   0   0   0   0   0   0   0   0   0   0   0   0   0   1   0   0   0   0   0   0   0   0   0
   2:   0   0 229   2   0   0   0   0   0   0   0   0   0   0   0   0   0   0   0   0   0   0   0   0   0   0   0   0   0   0
   3:   3   0   0 500   0   0   0   0   0   0   0   0   0   0   0   0   0   0   0   0   0   1   0   0   0   0   0   0   0   0
   4:   0   0   0   0  87   0   0   0   0   0   0   0   0   0   0   0   0   0   0   0   0   0   0   0   0   0   0   0   0   0
   5:   0   0   0   0   0  16   0   0   0   0   0   0   0   0   0   0   0   0   0   0   0   0   0   0   0   0   0   0   0   0
   6:   0   0   0   0   2   0 495   0   0   0   0   0   0   0   0   0   0   0   0   0   0   0   0   0   0   0   0   0   0   0
   7:   0   0   0   0   0   0   0  16   0   0   0   0   0   0   0   0   0   0   0   0   0   0   0   0   0   0   0   0   0   0
   8:   0   0   0   0   0   0   0   0  32   1   0   0   0   0   0   0   0   0   0   0   0   0   0   0   0   0   0   0   0   0
   9:   0   0   0   0   0   0   1   0   5  97   0   0   0   0   0   0   0   0   0   0   0   0   0   0   0   0   0   0   0   0
  10:   0   0   0   0   0   0   0   0   0   0 118   0   0   0   0   0   0   0   0   0   0   0   0   0   0   0   0   0   0   0
  11:   0   0   0   0   0   0   0   0   0   0   0  43   0   0   0   0   0   0   0   0   0   0   0   0   0   0   0   0   0   0
  12:   0   0   0   0   0   0   0   0   0   0   0   0  17   0   0   0   0   0   0   0   0   0   0   0   0   0   0   0   0   0
  13:   0   0   0   0   0   0   0   0   0   0   0   0   0 201   2   1   0   0   1   0   0   0   0   0   0   0   0   0   0   0
  14:   0   0   0   1   0   0   0   0   0   0   0   0   0   0 442   0   1   0   0   0   1   0   0   0   0   0   0   0   0   0
  15:   0   0   0   0   0   0   0   0   0   1   0   0   0   1   0 201   0   0   0   0   0   0   0   0   0   0   0   0   0   0
  16:   0   0   1   0   0   0   0   0   0   0   0   0   0  20   3   1 313   0   0   1   1   0   0   0   0   0   0   0   0   0
  17:   0   0   0   0   0   0   0   0   0   0   0   0   0   1   4   0   8 260   1   0   0   0   0   0   0   0   0   0   0   0
  18:   0   0   0   0   0   0   0   0   0   0   0   0   0   0   0   0   0   0  43   0   0   0   0   0   0   0   0   0   0   0
  19:   0   0   0   0   0   0   0   0   0   0   1   0   0   0   0   0   3   0   0 270   0   0   0   0   0   0   0   0   0   0
  20:   0   0   0   0   0   0   0   0   0   0   0   0   0   0   0   0   0   0   0   0 962   2   0   0   0   0   0   0   0   0
  21:   0   0   1   0   0   0   1   0   0   0   0   0   0   0   0   0   0   0   0   0   0 656   0   0   0   0   0   0   0   0
  22:   0   0   0   0   0   0   0   0   0   0   0   0   0   0   0   0   0   0   0   0   0   0  13   0   0   0   0   0   0   0
  23:   0   0   0   0   0   0   0   0   0   0   0   0   0   0   0   0   0   0   0   0   0   0   0   9   0   0   0   0   0   0
  24:   0   0   0   0   0   0   0   0   0   0   0   0   0   0   0   0   0   0   0   0   0   0   0   3  11   0   0   0   0   0
  25:   0   0   0   0   0   0   0   0   0   0   0   0   0   0   0   0   0   0   0   0   0   0   0   0   0  19   0   0   0   1
  26:   0   0   0   0   0   0   0   0   0   0   0   0   0   0   0   0   0   0   0   0   0   0   0   0   0   0   1   0   0   0
  27:   0   0   0   0   0   0   0   0   0   0   0   0   0   0   0   0   0   0   0   0   0   0   0   0   0   3   0  57   0   0
  28:   0   0   0   0   0   0   0   0   0   0   0   0   0   0   0   0   0   0   0   0   0   0   0   1   3   0   0   0 118   0
  29:   0   0   0   0   0   0   0   0   0   0   0   0   0   0   0   0   0   0   0   0   0   0   0   0   1   0   0   0   0  13
-----------------------------------------------------------------------------------------------------------------------------
              precision    recall  f1-score   support

           0   0.750000  1.000000  0.857143        15
           1   1.000000  0.978873  0.989324       142
           2   0.991342  0.991342  0.991342       231
           3   0.994036  0.992063  0.993049       504
           4   0.977528  1.000000  0.988636        87
           5   1.000000  1.000000  1.000000        16
           6   0.995976  0.995976  0.995976       497
           7   1.000000  1.000000  1.000000        16
           8   0.864865  0.969697  0.914286        33
           9   0.979798  0.941748  0.960396       103
          10   0.991597  1.000000  0.995781       118
          11   1.000000  1.000000  1.000000        43
          12   1.000000  1.000000  1.000000        17
          13   0.901345  0.980488  0.939252       205
          14   0.980044  0.993258  0.986607       445
          15   0.990148  0.990148  0.990148       203
          16   0.963077  0.920588  0.941353       340
          17   1.000000  0.948905  0.973783       274
          18   0.955556  1.000000  0.977273        43
          19   0.996310  0.985401  0.990826       274
          20   0.996891  0.997925  0.997408       964
          21   0.995448  0.996960  0.996203       658
          22   1.000000  1.000000  1.000000        13
          23   0.692308  1.000000  0.818182         9
          24   0.733333  0.785714  0.758621        14
          25   0.863636  0.950000  0.904762        20
          26   1.000000  1.000000  1.000000         1
          27   1.000000  0.950000  0.974359        60
          28   1.000000  0.967213  0.983333       122
          29   0.928571  0.928571  0.928571        14

    accuracy                       0.983945      5481
   macro avg   0.951394  0.975496  0.961554      5481
weighted avg   0.984848  0.983945  0.984114      5481
-----------------------------------------------------
Accuracy Macro Average: 0.975496
