Confusion Matrix:
         0    1    2    3    4    5    6    7    8    9
   0:  977    0    1    0    0    1    0    1    0    0
   1:    0 1135    0    0    0    0    0    0    0    0
   2:    0    3 1014    0    0    5    3    6    1    0
   3:    0    0    0 1004    0    5    0    0    1    0
   4:    0    1    0    0  978    0    0    0    0    3
   5:    1    0    0    1    0  886    3    0    0    1
   6:    5    2    1    0    0    1  947    0    2    0
   7:    0    5    1    0    0    1    0 1021    0    0
   8:    0    0    2    2    0    1    0    0  968    1
   9:    0    0    2    0    7    0    0    4    1  995
-------------------------------------------------------
              precision    recall  f1-score   support

           0   0.993896  0.996939  0.995415       980
           1   0.990401  1.000000  0.995178      1135
           2   0.993144  0.982558  0.987823      1032
           3   0.997021  0.994059  0.995538      1010
           4   0.992893  0.995927  0.994408       982
           5   0.984444  0.993274  0.988839       892
           6   0.993704  0.988518  0.991104       958
           7   0.989341  0.993191  0.991262      1028
           8   0.994861  0.993840  0.994350       974
           9   0.995000  0.986125  0.990543      1009

    accuracy                       0.992500     10000
   macro avg   0.992471  0.992443  0.992446     10000
weighted avg   0.992515  0.992500  0.992496     10000
-----------------------------------------------------
Accuracy Macro Average: 0.992443
