Confusion Matrix:
       0   1   2   3   4   5   6
  0: 263  18   5   3   8  12   0
  1:  11 112   6   0   0   6   0
  2:   3  11 162   0   1   0   0
  3:   0   0   5  67   3   0   0
  4:   0   0   0   0 207   0   0
  5:   9   2   0   4   0  69   0
  6:   6   0   0   5   0   0 238
--------------------------------
              precision    recall  f1-score   support

           0   0.900685  0.851133  0.875208       309
           1   0.783217  0.829630  0.805755       135
           2   0.910112  0.915254  0.912676       177
           3   0.848101  0.893333  0.870130        75
           4   0.945205  1.000000  0.971831       207
           5   0.793103  0.821429  0.807018        84
           6   1.000000  0.955823  0.977413       249

    accuracy                       0.904531      1236
   macro avg   0.882918  0.895229  0.888576      1236
weighted avg   0.906166  0.904531  0.904817      1236
-----------------------------------------------------
Accuracy Macro Average: 0.895229
