Average: 0.904531
Micro Average: 0.904531
Macro Average: 0.888576
Confusion Matrix:
           0        1        2        3        4        5        6
 0:      263       18        5        3        8       12        0 
 1:       11      112        6        0        0        6        0 
 2:        3       11      162        0        1        0        0 
 3:        0        0        5       67        3        0        0 
 4:        0        0        0        0      207        0        0 
 5:        9        2        0        4        0       69        0 
 6:        6        0        0        5        0        0      238 
