Confusion Matrix:
         0    1    2    3    4    5    6    7    8    9
   0:  977    0    1    0    0    1    0    1    0    0
   1:    0 1133    1    0    0    0    1    0    0    0
   2:    1    2 1013    3    0    4    2    7    0    0
   3:    0    0    0 1006    0    3    0    0    1    0
   4:    0    1    0    0  976    0    2    0    0    3
   5:    1    0    1    6    0  879    4    0    0    1
   6:    4    0    0    0    0    0  953    0    1    0
   7:    0    4    1    0    0    1    0 1022    0    0
   8:    0    0    4    2    0    0    0    0  967    1
   9:    0    0    3    1    6    1    0    3    0  995
-------------------------------------------------------
              precision    recall  f1-score   support

           0   0.993896  0.996939  0.995415       980
           1   0.993860  0.998238  0.996044      1135
           2   0.989258  0.981589  0.985409      1032
           3   0.988212  0.996040  0.992110      1010
           4   0.993890  0.993890  0.993890       982
           5   0.988751  0.985426  0.987086       892
           6   0.990644  0.994781  0.992708       958
           7   0.989351  0.994163  0.991752      1028
           8   0.997936  0.992813  0.995368       974
           9   0.995000  0.986125  0.990543      1009

    accuracy                       0.992100     10000
   macro avg   0.992080  0.992000  0.992032     10000
weighted avg   0.992106  0.992100  0.992095     10000
-----------------------------------------------------
Accuracy Macro Average: 0.992000
