Confusion Matrix:
       0   1   2   3   4   5   6
  0: 265  20   3   4   2  15   0
  1:   9 106   6   1   0  13   0
  2:   4  23 150   0   0   0   0
  3:   0   0  10  58   6   1   0
  4:   0   0   0   0 207   0   0
  5:   6  10   0   0   0  68   0
  6:   6   0   0   4   0   0 239
--------------------------------
              precision    recall  f1-score   support

           0   0.913793  0.857605  0.884808       309
           1   0.666667  0.785185  0.721088       135
           2   0.887574  0.847458  0.867052       177
           3   0.865672  0.773333  0.816901        75
           4   0.962791  1.000000  0.981043       207
           5   0.701031  0.809524  0.751381        84
           6   1.000000  0.959839  0.979508       249

    accuracy                       0.884304      1236
   macro avg   0.856790  0.861849  0.857397      1236
weighted avg   0.891240  0.884304  0.886390      1236
-----------------------------------------------------
Accuracy Macro Average: 0.861849
