Average: 0.884304
Micro Average: 0.884304
Macro Average: 0.857397
Confusion Matrix:
           0        1        2        3        4        5        6
 0:      265       20        3        4        2       15        0 
 1:        9      106        6        1        0       13        0 
 2:        4       23      150        0        0        0        0 
 3:        0        0       10       58        6        1        0 
 4:        0        0        0        0      207        0        0 
 5:        6       10        0        0        0       68        0 
 6:        6        0        0        4        0        0      239 
