Confusion Matrix:
       0   1   2   3   4   5   6
  0: 283   0   0   0  24   0   2
  1: 117   0   0   0  18   0   0
  2: 154   4   0   0  19   0   0
  3:  44   1   0   0  30   0   0
  4:   0   0   0   0 207   0   0
  5:  78   0   0   0   3   3   0
  6:  22   0   0   0   7   0 220
--------------------------------
              precision    recall  f1-score   support

           0   0.405444  0.915858  0.562066       309
           1   0.000000  0.000000  0.000000       135
           2   0.000000  0.000000  0.000000       177
           3   0.000000  0.000000  0.000000        75
           4   0.672078  1.000000  0.803883       207
           5   1.000000  0.035714  0.068966        84
           6   0.990991  0.883534  0.934183       249

    accuracy                       0.576861      1236
   macro avg   0.438359  0.405015  0.338442      1236
weighted avg   0.481520  0.576861  0.468031      1236
-----------------------------------------------------
Accuracy Macro Average: 0.405015
