Average: 0.576861
Micro Average: 0.576861
Macro Average: 0.338442
Confusion Matrix:
           0        1        2        3        4        5        6
 0:      283        0        0        0       24        0        2 
 1:      117        0        0        0       18        0        0 
 2:      154        4        0        0       19        0        0 
 3:       44        1        0        0       30        0        0 
 4:        0        0        0        0      207        0        0 
 5:       78        0        0        0        3        3        0 
 6:       22        0        0        0        7        0      220 
