Confusion Matrix:
       0   1   2   3   4   5   6
  0: 252   7  10   7  16  17   0
  1:  12 100   6   0   0  17   0
  2:   3   7 167   0   0   0   0
  3:   0   0   3  69   3   0   0
  4:   0   0   0   0 207   0   0
  5:   6   0   0   6   0  72   0
  6:   1   0   0  10   3   0 235
--------------------------------
              precision    recall  f1-score   support

           0   0.919708  0.815534  0.864494       309
           1   0.877193  0.740741  0.803213       135
           2   0.897849  0.943503  0.920110       177
           3   0.750000  0.920000  0.826347        75
           4   0.903930  1.000000  0.949541       207
           5   0.679245  0.857143  0.757895        84
           6   1.000000  0.943775  0.971074       249

    accuracy                       0.891586      1236
   macro avg   0.861132  0.888671  0.870382      1236
weighted avg   0.898827  0.891586  0.891920      1236
-----------------------------------------------------
Accuracy Macro Average: 0.888671
