Average: 0.891586
Micro Average: 0.891586
Macro Average: 0.870382
Confusion Matrix:
           0        1        2        3        4        5        6
 0:      252        7       10        7       16       17        0 
 1:       12      100        6        0        0       17        0 
 2:        3        7      167        0        0        0        0 
 3:        0        0        3       69        3        0        0 
 4:        0        0        0        0      207        0        0 
 5:        6        0        0        6        0       72        0 
 6:        1        0        0       10        3        0      235 
