Confusion Matrix:
       0   1   2   3   4   5   6
  0: 263  22   2   1   4  17   0
  1:   6 117   3   0   0   9   0
  2:   5  33 139   0   0   0   0
  3:   0   0  16  56   0   3   0
  4:   0   0   0   0 206   0   1
  5:   6   7   0   0   0  71   0
  6:   6   0   0   7   0   0 236
--------------------------------
              precision    recall  f1-score   support

           0   0.919580  0.851133  0.884034       309
           1   0.653631  0.866667  0.745223       135
           2   0.868750  0.785311  0.824926       177
           3   0.875000  0.746667  0.805755        75
           4   0.980952  0.995169  0.988010       207
           5   0.710000  0.845238  0.771739        84
           6   0.995781  0.947791  0.971193       249

    accuracy                       0.880259      1236
   macro avg   0.857671  0.862568  0.855840      1236
weighted avg   0.891934  0.880259  0.882999      1236
-----------------------------------------------------
Accuracy Macro Average: 0.862568
