Average: 0.880259
Micro Average: 0.880259
Macro Average: 0.855840
Confusion Matrix:
           0        1        2        3        4        5        6
 0:      263       22        2        1        4       17        0 
 1:        6      117        3        0        0        9        0 
 2:        5       33      139        0        0        0        0 
 3:        0        0       16       56        0        3        0 
 4:        0        0        0        0      206        0        1 
 5:        6        7        0        0        0       71        0 
 6:        6        0        0        7        0        0      236 
