Average: 0.907767
Micro Average: 0.907767
Macro Average: 0.899783
Confusion Matrix:
           0        1        2        3        4        5        6
 0:      268       22        2        0        8        9        0 
 1:       10      115        5        0        0        5        0 
 2:        5       22      150        0        0        0        0 
 3:        1        0        5       69        0        0        0 
 4:        0        0        0        0      206        0        1 
 5:        6        4        0        0        0       74        0 
 6:        4        0        0        3        2        0      240 
