Confusion Matrix:
       0   1   2   3   4   5   6
  0: 268  22   2   0   8   9   0
  1:  10 115   5   0   0   5   0
  2:   5  22 150   0   0   0   0
  3:   1   0   5  69   0   0   0
  4:   0   0   0   0 206   0   1
  5:   6   4   0   0   0  74   0
  6:   4   0   0   3   2   0 240
--------------------------------
              precision    recall  f1-score   support

           0   0.911565  0.867314  0.888889       309
           1   0.705521  0.851852  0.771812       135
           2   0.925926  0.847458  0.884956       177
           3   0.958333  0.920000  0.938776        75
           4   0.953704  0.995169  0.973995       207
           5   0.840909  0.880952  0.860465        84
           6   0.995851  0.963855  0.979592       249

    accuracy                       0.907767      1236
   macro avg   0.898830  0.903800  0.899783      1236
weighted avg   0.913190  0.907767  0.909159      1236
-----------------------------------------------------
Accuracy Macro Average: 0.903800
