Average: 0.444614
Micro Average: 0.444614
Macro Average: 0.403187
Confusion Matrix:
           0        1        2        3        4        5        6        7        8        9       10       11       12       13       14       15       16       17       18       19       20       21       22       23       24       25       26       27       28       29       30       31       32       33       34       35       36       37       38       39       40       41       42       43       44       45       46       47       48       49       50       51       52       53       54       55       56       57       58       59       60       61       62       63       64       65       66       67       68       69       70       71       72       73       74       75       76       77       78       79       80       81       82       83       84       85       86       87       88       89       90       91       92       93       94       95       96       97       98       99      100
 0:     4266     2095        0        0        0        0        0        0        0        0        0        0       14      128        0        0        0        0       15        0        0        0        0        0        0        0        0        0        0        0        0        0        0      333      107        0        0        0        0        0        0        0       25        0        0        0        0        0        0        0        0        0        0        0        0        0        0        0        0        0        0        0        0        0        0        0        0        0        0        0        0        0        0        0        0        0        0      328        0        0        0        0        0        0        0        0        0        0        0        0        0        0        0        0        0        0        0        0        0        0        0 
 1:      470     4217        0        0        0        0        0        0        0        0        0        0        0       31        0        0        0        0        0      314        0        0        0        0        0        0        0        0        0        0        0        0        0       67        0        0        0        0        0        0        0        0        0        0        0        0        0        0        0        0        0        0        0        0        0        0        0        0        5        0        0        0        0        0        0        0        0        0        0        0        0        0        0        0        0        0        0     1119        0        0        0        0        0        0        0        0        0        0        0        0        0        0        0        0        0        0        0        0        0        0        0 
 2:        0        0     1024        0       20        0       11      165        0        0      163        0        0        0      326        1      589       67        0        2      149      316        1        9        0        0        1        0        0        0        0       25      107        0       18        0        0        0        6        9        0      295      281        0        0       76        5        0        0        0       25        0        0        0       72        9       26      266       51        0        0      140        2        0        0       33        0       82        0      293       51        0        0        0       77       21        0        0       17       15       36        0       62        0        0       28        0        0      277       30        0       55      285      491        0        0        4        0        0        0        0 
 3:        0      240        0     3138        0        0        0        0        0        0       97        0       11      681        7        0        6        0       32        3        0        0        0        0      870        0        1        0        0        0        0        0        0        0       65        0        0        1      208        0        1        0       46       17        0        0        0        0        0        0        0        0        0        2       86       24        0        0        0        0        0        0        0        0        0        0        0       12        0        0        0      174       87        0        0        0      371       84        0       31        8        0        0        0        0        1        0        0        0       12        4        0        0        0        0        0        0        0        0        0        0 
 4:        0        0        0        0     1797        0        0        0        0        0        0        0        0        0        0        0        0        0        1        0        0        0        0        0        0       10        1       29        0       32        2        0        0        0        0        0        0        0        0        5        0        0        0        1        0        0        0        0        0        0      105        0        0        0        0        0      396        0        0        0        0        0        0        0        0        0        0        0       16        0        3        0        0        0        0        0        0        0        0        0        0        0        0        0        0        0       73        0        0        0        0        0        0        0        0     1112        0        0        0        0        0 
 5:        0        0        0        0       21     1399        0      110      166       58       36        0        5       11        5        5        8        0        0        0        0       74        0        0        0        0      127        0        0        0       43        0        0        0        0        0        0      144       41        0        0       29        5       14      246        0        2        0        0        0        1        0     2226        0        0        0        1        0        0       13        0       33        0        0       11        0        0        2        0        0       67        0       54        0        0        0       38        0        0      154        0        0        7        0        0        2     1763        0        0        0        0        0        0       53        0      320        0        2        0        0        0 
 6:        0        0       90        4        0        0     2126        0       28        0        0        0        0        0        0        0        0        0        0        0        0        0        0       48        0        0        0      228       19        2        2        0      270        0        0        0        0        0        0       20        0      295        0       68      116        0        0        0        0        0      321        0        0        0        0        0        0        0        0        0        0        0        0        0        0        0        0      122        0        0        0        0        0        0        0        0        0        0      179        0        1        0        0       28       10        0        0        0        0        0        0        1        0        0        0        0        0       24        0        0        1 
 7:        0        0       16        0        0        0        0     1929      110        0       18        0        0        0       13        0       14        0        0        0      128        0      117        0        0        3        0        0       59      204        0        0       31        0        0        0        0       76        0        2        0        0        0        0      358        3        0        0        0        0        1        0        0        0       50        0        0        0        0        0        0        0        0        0        0        0        0       56        0       12        0        0        0        0        0        1        6        0        0       34        0        0        0      581        0       14        0        0        2        0        0        0        1       58        0        0       23        3        0        0        0 
 8:        0        0        0        0       24        0        0        0     2013        0        0        0        0        0        0        0        0        0        0        0        0        0        0        0        0        0        0        0        0        0        2        0        0        0        0        1        0        0        0        6        0        0        0        2        3        0        0        0        0        0       15        0        0        0        0        0       21        0        0        0        0        0        0        0        0        0        0        0        7        0        1        0        1        0        0        0        0        0        0        0        8        0        0        0        0        0       14        0        0        0        0        0        0        0        0       16        0        0        0        0        0 
 9:        0        0        0        0        0        0        0        0       65     1355        1        0       31        0       84        0      440      769        0        0     1035        0        0        0        0        0      332        0        3        0        0        0        0        0        0        0        0        0        1        0        0        0        0        0      188       25        0        0        0        0        0        0        0        0       27       16        0        0        0        0        0        0        0        0        0        3        0        0        1      510        0       50        1        0      315        0        0        0        0       10        0        0        0        0        0        4        5        0        0        0        0        0        0        0        0        0        0        0        0        0       44 
10:        0        0        2        0      118        0        0      784       18        0     5232        0        0        4        0        0        0        6        0        0        0       22        2        0        0        6        0        1        0        0        0        0       13        0        0        0        0       19        0      182      115       42        0        0      151        0       11        0       63        0       81        0        0        0        0        0        0       16        0       45        0        3        0        0        0        0        0       23        0        0       16        0       69        0        3      349        0        0       32     1108       65       50        4       23        0        0        0        0       12        0        0       68        7       87        0       18        0       76        0        0        0 
11:        0        0        0        0      158        0        0        0        0        0        0    12500        0        0        0       56        0        0        0        0        0        0        0        0        0        0        0        0        0        0        0        0        0        0        0        0        0        0        0        0        0        0        0        0        0        0        0        0        0        0        0        0        0        0        0        0        0        0        0        0        0        0        0        0        0        0        0        0        0        0        0        0        0        0        0        0        0        0        0        0        0        0        0        0        0        0        0        0        0        0        0        0        0        0        0        0        0        0        0        0        0 
12:      179      199        0        1        0        0        0        0        0        0        0        0      423       38        0        9      123       70        0       74        0       23        0        0        0        0        1        0        0        0        0        0        0     2117        2        0        0        7      139        3        0        0      264       13        0        0       37        0        0        0        0        0        0        0      160        0        0        0        5        0        0      192       26      165        0        5        6        5        0        0        1       56       11      121       42        0       52     1055        0       11        0        0      100        0        0       11        0        0        2        1        0        0        0        0        0        0        0        0        0        0        1 
13:        0        0        0        0        6        0        0        0        0        0        0        0        0     2186        0        0        0        0       22        0        0        1        0        0        0        0      170        0        0        0        0        0        0        0        0        2        0        0      123        0        0        0        0        0        0        0        0        0        0        0        0        0        0      213        0        0        0        0        0       85        0        0        0        0        0      161        0        0        0        0        9        0        0        0        0        0        0        0        0        0       13        0        0        0        0        0        0        0        0        0        0        0        0        0        0        0        0        0        0        0        0 
14:        0        0        0        2        0        0        0       22        0      147       17        0        0        0     1184        0       61        0        0        0       10        0        0        0        0        0       91        0        0        0        0        0        0        0        8        0      108        0       32        0        0        0        6        0        0      315       14        8        0        0        0        0        0        0        0      118        0       60        3        0        0        9        0        0        0       58        0        0        0        0        2        2        0        0        7        0      966        0        0        5        0        0        0        7        0      316        0        0        0        7       11        0        0        9        0        0        0        0        0        0       91 
15:        0        0        0        0        4        0        0        0        1        0        0        0        0        0        0     4850        0        2        0        0       14        0        6        0        2        0        4        0        0        0        0        0        0        0        0        0        0        0        0        0        0        0        0        0        0        0        0        0        0        0       58        0        0        0        4        7        0       40        0        0        0        0        0        0        0        0        0        0        0        0        0        0        0        0        0        0      103        0      334       24        0        0        0        0        0        0        0        0        0        6        0        0        9        0        0        0        0        0        0        0        0 
16:        0        0        0        0        0        0        0        1        0       73        0        0       11        0       11        0     2825     4731        0        0     1041        2        0        0        0        1        1        0        0        0        0        0        0        3        0        4        0        0      616        0        0        0        0        0        3       63      195        0        0        0        0        0        0        0        2        0        0       80        0        0        0        0        0        0        0        4        0        0        7        0       45        0        1        0      133        0        0        4        0        1        0        0        0        0        0        0        0        0        0        0        0        0        0        0        0        0        0        0        0        0        5 
17:        0        2        0        4        6        0        0        0        0        0        0        0       54       97        0       14      241     3932        0       62        0      175        0        0       32        0        0        0        0        0        0        0        0       99      166        0        0        0      159        0        0        0        8        0        0       36        0        0       21       21        0        0        0        1      224        1        0        0     1194       24        0        0        0        5        0        5        2       87        0        0        0       90        3       25       14        0        0     1458        2       26        0        0        0        0        0       56        0        0        0        0        0        0        0        0        0        0        0        0        0        0        0 
18:        0        0        0        0        0        0        0        0        0        0        0        0        0        0        0        0        0        0     3685        0        0       18        0        0        0      554        0        0        0        0        0      273        0        0        0        0        0        0        0        6        0        0        0        0        0        0        0        0       10        0        8        0        0        0        0        0        0        0        0        0        0        0        0        0        0        0        0       12        0        0        0        0        3        0        0      446        0        0        0        0        0       61        0        0        0        0        0       22        0        0        0        0        0        0        0        0        0        0        0        0        0 
19:     1661     1075        0      122        0        0        0        0        0        0        0        0        0      166        0        0       22        3        2       34        0        0        0        0       67        0        0        0        0        0        0        8        0       27        0        0        0        0       14        0        0        0        2        0        0        7        0        0        0      536        0        0        0       10        0        0        0        0        0        0        0        0        0        0        0        0        0        0        0        7        0        2        0        0        0        0        0     6312        0       18        0        0        0        0        0        0        0        0        0        0        0        0        0        0        0        0        0        0        0        0        0 
20:        0        0        0        0      267        0        0        0        0        0        0        0        0        0        0        0        8       36        0        0     4373        0      221        0        0       10        2        0        0        0        0        0        0        0        0        3        0        0        0        1        0        0        0        0       15        5        0        0        0        0      816        0        0        0        0        1      125        1        0        0        0        0        0        0        0        0        0        0        0        0        0        0        0        0        0        0       49        0        0        0        0        0        0        0        0      434        0        0        0        0        0        0        0        0        0       11        0        0        0        0        0 
21:        0        0        0        1        0        1        0        0        0        0       64        0        0        2        1        0        7        0        9        0        0     2318        0        2        1        6        3        0        0        0        1        0        0        1        0        0        0      108        0        7        0       11       13        8       21        3       20        0       67        0        0        0        0        0       18        2        0        0        0        0        0        0        0        0        0        0        0       25        0        0        0       20       80        6       50        1       40        0        0       19       33       54       29       14        0       17       46       87        0        0        0       11        0       38        0        3        0       27        0        1        3 
22:        0        0        0        0       13        0        0        3        0        0        1        0        0        0        7        0        2        0        0        0       14        0      919      752        0        0        0        0        2        0        0        0        0        0        3        1        0        4        0       48        0        0        0       14      558        0        1        0        0        0      549        0        0        0       13       55       10        0        0        0        0        0        0        0        0        0        0        2        0        0        0        0        6        0        0        3      175        0        0       88       81       20        0        8        0       38        0        2        0       42        1        7       20        0        0        0      503        9        0        0        0 
23:        0        0        9        0        0        0       41       20        0        0      542        0        0        0        0        0      354        6        0        0        0        0      169     1154        0        0        0        0      612        5        0        0       65        0        1       99        0        3        0        5        0       11        0        0        2        3       91        8        0        0        0        0        0        0        0       19        0        0        0        0        0        0        0        0        0        0        0        9        0        0        0        0        0        0        2        0      122        0        0      639        0        0        0      427        0        0        0        0      163        0        0        0      160       36        0        0        0        4        0        0        0 
24:        0        0        0       25        1        0        0        0        0        0        0        0        0       16        0        0        0        0        0        0        0       53        0        0     4176        0        0        0        0        0        0        4        0        0        0        0        0       45        0        0        0        0        1        0        0        0        1        0        0      679        0        0        0      529        1        0        0        0        0        1        0        0        0        0        0        0        0        4        0        0        0       30       98       17        0        0        0        0        0      184        0        0        0        0        0        2        0        0        0        0        0        0        0        0        0        0        0        0        0        0        0 
25:        0        0        0        0        0        0        0        0        0        0        0        0        0        0        0        0        0        0        0        0        6       12        0        0        0     7245        0        0        0        0        0       20        0        0        0        2        0        3        0      121        0        0        0        0        0        0        0        0        0        0        0        0        0        0        0        0        4        2        0        0        0        0        0        0        0        0        0       33        0        0        0        0        1        0        1       27        0        0        0        0        0       21        0        0        0        5        0        0        0        2        0        1        7      180        0        0      210        1        0        0        0 
26:        0        0        0        0       58      121        0        0        0        0        9        0        0       26        0        1        0       12       14        0        0        8        0        0        0        4     9382        0        0        0        0        0        0        0        0        0        0        0        0        0        0        0        8        0        0        0        0        0        0        0        0        0        1       26        0        0        1        0      138      411        0        3        0        2        0       10        0        0        0        0       59        0        0        1        0        0        0        0        0        4        0        0        0        0        0       27        0        0        0        0        0        0        0       72        0     1779        0        0        4        0        0 
27:        0        0        0        0      244        0      121        1        0        0       14        0        0        0        0        0        0       89        0        0        0        0        0        3        0       16      248     2220        0       18        3        0        0        0        0        0        0        3        0      244        0        2        0       25       10        0        0        0        0        0      206        0       66        0        0        0      313       30        0        0        0        0        0        0        0        0        0        9      147        0        0        0        0        0       97        0        0        0       32        0        0        0        0        0        0      113      211        0        0        0        0        7        0       13        0        2        4        0        0        0        0 
28:        0        0        0        0        0        0      220       52        0        0        0        0        0        0        0        0        0        0        0        0       25        0        0       19        0        0        0        0     1656        6      581        0        0        0        0        0        0        0        0       49        0        0        0        0      618        0        0        0        0        0        2        0        0        0        0        2        0        0        0        0        0        0        0        0        0        0        0        0        0        0        0        0        0        0        0        0        0        0        0        0        2        0        0       54      913        0        0        0        9        0        0       64        0       24        0        0        5        0        0        0        0 
29:        0        0        0        2      774        0        0        0       83        0        0        0        0        3        2       24        0        7        0        0       18       35        0        0        0       33        0        0       22     2724        0        1        0        0        2        0        0        5        0      357        0        0       19      241        0        0        6        0       75        0       13        0        0        0        0       26       40        6        1        0        0        0        0        2        0        0        0        1        0        0       40      339        1        0        0       25       11        0       10        3        3        2        1        1        0        1        7        0        0        4        8       68        5        4        0      393       37        0        0        0       28 
30:        0        0        0        0        0        0       58        4        0        0        0        0        0        0        1        0        0        0        0        0        0       40        0      326        0        0        0        1        1        0     1994        0       13        0        0        0        0        0        0       24        0       16        1        2        5        0        8        0        1        0      224        0        0        0        0        0        0        0        0        0        0        1        0        0        0        0        0        7        0        0        0        0        3        0        0       41       14        0      105        0       17       11        0       57      141        0        0        0        7        0        0       35        0        4        0        0        0       70        0        0        4 
31:        0        0        0        0       53        0        0        0        0        0        0        0        0        0        0        0      114        0     2568        0        0        2        0        0        0       73        0        0        0      123        0     3579        0        0        0        0        0        0        0        1       37        0        8        4        5        0        0        0      252        0      202        0        0        0        0        0        0        0        0        0        0        0        0        0        0        0        0        0        0        0        0       14        2        6       37       11        0        0       18        0       26        6        0        0        0       15        0        0        0        0        0        0        0        0        0        0        4        0        0        0        0 
32:        0        0        0        1        0        0     1160       61        0        0       49        0        0        0        2        0        0        0        0        0        0        0        0      110        0       67        0        0      284        0      273        0     2881        0        0        0        0       16        0       24        0       48        0        0       15        0      151        0        0        0        0        0        0        0        0        0        0        0        0        0        0        0        0        0        0        0        0        0        0        0        0        0        0        0       89        0        0        0      365       24        0        0        0      653        0        0        0        1        0        0        0       19        0       47        0        0        0      113        0        0        0 
33:        1        0        0      100        0        0        0        0        0        5        0        0      197        6        0        0       18        2        0        0        0       50        0        0        1        0        9        0        0        0        0        0        0     2483      221        0        0        0      272        0        0        0        0        0        0       17        1        0        0        9        0        0        0        8       58        0        0       16        0        4        0        0        0        0        0        0        0        0        0        0        0        0        1        0       11        0        0      100        0        1        0        0        0        0        0        0        0        0        0        0        0        0        0        0        0        0        0        0        0        0        0 
34:        0        0      144      195        0        0        0        0        0        0        1        0        0        0       10        0       62        4        0      138        0        0       22        0        0        0       66        0        0        0        0        0       57      278      120        0        0        0      404        0        0        0        9       72        0        0       69        0        0       78        0        0        0        0      400        0        0        0        0        0        0       71        0        0        0        0        0        0        0        3        0       96      615        0        6        0        0      123      367       72        0        0        0        0        0        0        0        0        0        0        0        0       13       25        0        0        0        0        0        1        0 
35:        0        0        0        0      274        0        0        1        7        0       16        0        0        0      368        0       17        0       21        0        1      158        0        1        0        0        0        0        0        4       15        0      264        0        0     2860        0      109        0        1        0        0        0      206     1604      519        8        0        4        0        7        0        0        2        0        0       20        0        2        0        0        0        0        0        0        0        0      247        0        0        0        0        4       15        0        0        5        0       33       13       15        0        0        8        0      651        0        0      175        0        2        4      388      132        0      160        0        0       19        0        2 
36:        0        0        0       41        0        0        0        0        0        0        0        0        0        0       55        0      564       46        0        0       18        0        0        0        0        0        0        0        0        0        0        0        0        0       51        0      535        0        0      125        0       13        0        0        0        0      557        0        0        0        0        0        0        0        0        6        0        0        0        0        0        0        0        3        0        0        0        0        0        0        0      311        0        0       50        0       18        0        0        0        0        0        0       11        0        0        0        0        0        0      719        0        3        0        0        0        0        0        0        0        0 
37:        0        0        0       33        5        0        0      205        6        0       63        0       58       13        5      223      363        0        0        0        2      204       57        0        0        3        3        0       19        1        0        0      243        1      103        0       78       32        0        1        0        0        6        1       99       10      169        0        1        0        0        0        0        0      206        0       41        0        0        0        0        0        0        1        0        0        0        0        0      494        1      614        0        0       12      123      378        0       45      389        0        0        0      139        0       35        0        0       15        0        0        4       49      174        3        0      326       43       13        0        0 
38:       13        1        4        3        1        0        0        0        0        0        0        0       61       46        0        0        9      470        0       45        0       18        0        0       31        0       84        0        0        0        0        0        0     1584      143        0        0       30     4877        0        0        0        0        1        0        8        0        0        0        0        0        0        0        0      306        0        0        3        0       28        0      110        0        0        0      582        0        0        0        2      152       22        4        4      215        0        0      575        0        0        0        0        0        0        0        2        5        0        1        0        0        0        0       12        0        0        0        0        2        0        0 
39:        0        0        0        0       75        0       11      227       19        0       99        0        0        0        0        0        0       43       17        0       56        4       10        0        0       82        0        0        5       87       13        0        1        0        4        8        0        8        0     1588       65        7        0       37      365        1        0        0        0        0      393        0       75        0        4       14      367       15        0        0        0        0        0        0        0        0        0       57       13        0       68       11        8        0        0       36       90        0       31       90       12        1        1       15        0      104       17        2        0        0        5       19       26      116        0       18      135        7        9        3        4 
40:        0        0        3        0      112        2        5       24       30        0       42        0        0        0        0        0        0        0        0        0        0       32        0        2        0       15        0        0        5        0      354        0        0        0        0        0        0        0        0      201     3764        5        0      431      114        0        3        0        0        0        0        0      158       20        0        0      430        0        0        0        0        0        0        0        0        0        0       10        7        0       49        0        0        0        0      429        0        0        0        8      147       13        1        0      183        0        0        0        0        0        0        0        0        0        0        0       53       29        0        0        1 
41:        0        0        0        0        0        0        0        3        0        0      347        0        0        0       18        0        0        0        0        0        0        0        0        0        0       22        0        0        3        0        0        0        0        0        0        0        0        0        0       28      178     7561        0       11        2        0        0        0       12        0       10        0        0        0        0        0        1        0        0        0        0        0        0        0        0        0        0        9        0        0       56        0        0        0        1       12        3        0        0        2        8       28        0       38        0        7        0        1       18        0        0        0       38        3        0        0        0      270        0        0        0 
42:        0        0        1        0       32        1        0       11        0       12      193        0        0        1       79        0        4        3        0        0       87       46        0        0        0        0      126        0        0        0        0        0        4        0        0       27        0        0      360      103        0        1     1235        1      147        0        0        0        0        0        0        0        0       16        2        9        0      129        8        1        0        1        0        0        0       38        0        1        0        0      131       12        0        0       14        0       40        0        0       48        3        0        0        6        0       17        4        0        2        0        0       16       24      344        0      123        0        1        0        0       26 
43:        0        0        0        0       21        0       10        0        1        0        0        0        0        0       20        5        0        0        0        0        5        0        0        0        0        2        0        0        0        5        7        2        0        0        0        0        0        0        0      340        7        0        0     9379       45        0        2        0      242        0       24        0       39        0        0        0        0        0        0        0        0        0        0        0        0        0        0        0        0        0       21       17        0        0        0      144      728        0        5        2      190       18        2        0        0        0      131        0        0        0        0        0        8        0        0        5        0        5        0        0        0 
44:        2        0        0        0        6        0       30       30       47        0       90        0        2        5        0        0        0        0        0        0        2        8       23        2        0        0        2        0        0      164        4        0        3        0        0        1        0       26       20     1210      201        3       51      105      810        0        0        0        0        0       64        0        0        0        0        0        0        0        0        0        0        0       37        1        0        0        0       21        2        0      102       14        7        2        0        0        0        0        2       16        4        0        8        3       35        3        0        0       10        5        0        0      126       20        0        1      119        2        0        0        7 
45:       14        0        4        1        0        0       23        0        0        0        0        0        0      283       28        0      358       48        1        0        0      577        0        0        0        0        0        0        0        0        0        0      978        1        1        0        0        0       90        0        0        0        7        0        0     5524       12        0        0        0        0        0        0        0        0        5        0       66       22        0        0      160        0        0        0      298        0        0        0        0        0      100        0        0        0        0       47      445        0        0        0        0      833        1        0        0        0        0        0        0        0      116        0        0        0        0        0        0        0        0       37 
46:        0        0        3        7        0        0        0        0        0        6        0        0        0        0       48        0      507       11        0        0      412        0        0        0        0        0        0        0        0        0        0        0        0        0        0      394        0        0        1        0        0        0        0        0        0      410       49        0       28        0        0        0        0        0        1      389        0        0       26        0        0      138        0        0        0        0        0        0        0       29        1        0        0        0        0      370        0        2        0        0        0        0        0        4        0        0        1        0        0        0        0        0        2       83        0        0        0        0        0        0        0 
47:        0        0        1        2        0        0        0     3588        0        0       11        0        0      480     1761        0       92      868        0        0     2141        0       86       12        7        0        0        0        0        0        0        0        4        0        0       28        0        0        1        2        0        0       59        0        1        1      102        0        0        0      783        0        0        0        0     3132        0        0        1        0        0        0        0        0        0      152        0       15        0        0        0        2        0        0        0        0     1084        0       10      437        0        0        0       64        0        1        0        0        0       15      904        0        0        0        0        0        0        0        0        0        0 
48:        0        0        0        9        0        0        0        0        0        0      132        0        0        0        0        0        0        0        0        0        0       34        0        0        0      175        0        0        0        0        0        2        0        0        0        0        0        0        0       15       71        0        0       32        0        0        0        0     2289        0        2        0        0        0        0        0        0        0        0        0        0        0        0        0        0        0        0        1        0        0        0        0     3132        0        0       93        0        0        0        0       84       70        0        0        0        1        0      377        0        0        0        0        0        5        0        0        0        0        0        0        0 
49:       19        0        0       23        0        0        0        0        0        0        0        0        0        0        0        0        0        0        0        8        0        0        0        0       52        0        2        0        0        0        0      117        0      480        0        0        0       37        0        0        0        0        0        0        0        0        0        0        0     6658        0        0        0       18      100        0        0        0        0        0        0        0        0        0        0        0        0        0        0        0        4        2        0      129      113        0        0       15        0        0        0        0        1        0        0        0        0        2        0        0        0        0        6        0        0        0        0        0        0        0        0 
50:        0        0        0       15      128       13       33       61        0        0       73        0        0        0        0      142        8       30        8        0       17       17        0        0        0        4        0        2        0      236      288       15       16        0        0        0        0       91       17       52        0       25        5       57      161        0        1        0        0        0     1432        0        6        2        2       25      278        0        0        6        0        0        0        0        0        0        0       44       27        0       87        0       96        0        0        1       52        0      247      231        6        0        2        0       74        4      221        3        0        6       44      146       37       15        0       44        0        4        0        0        0 
51:        0        0       10      183        3        0       35        8        8      728      841        0        0        0     1484        0       47      460        0        0     1277        0        2        0        0        3        1        0      149       56        0        1       75        0        0        0      106       44       46      523       70        0        3        0        0       15       13        0        3        0        2        0      266        0        0        0        0        0        0        7        0        0        0        0        0        1        0        0        0        4       47      230        0        0       10        2        5        9        0        3        0        0        0      197        0        0        5        0       25        0       10     1198       31       93        0        0        0        1        1        0        0 
52:        0        0        0        0        4       65        0       19        0        0       22        0        0        0        0        0        0        0        0        0        0      196        0        0        0      145       43        0        0        0        0        0        0        0        0        0        0       10        0        6        0        1        0        0        1        0       11        0        0        0        0        0     2490        0        0        0        0        1        0        0        0        0        0        0        0        0        0        7        0        0        0        0        0       10        0        4        0        0        0      103        0        0        0        0        0       38      543        0        0        0        0        0        0       23        0       54        0      103        0        0        0 
53:        3        0        0        6        0        0        0        0        0        0        0        0        0      698        0        0        0        1        0        0        0        0        0        0       12        0      265        0        0        0        0        0        0        0        0        0        0        0        0       20        0        0        0        0        0        0        1        0        0       42        0        0        0     3452      262        0        0        0        4       54        0        0       10        0        0      615        0        1        0        0        0       44       35       31        0        0        0        0        0       11        0        0        0        0        0        0        0        0        0        0        0        0        0        0        0        0        0        0        0        0        0 
54:        0        0      501      324       26        0        0      822        0        0      427        0        0      106       97        6      340        5        0        6       33        0      700        0        3        0        0        0        0       11        0        5        0        3        2        0      596       45        1        0        0        0      297       98      546       77       74        5       85        0        0        0        0        0      367        7        0        0       11        0        0        0        0        0        0        0        0        3        0        5        0      104        0        0       19        2       66        0        0        6      291        0        0        1        0        2        0        0        0        9      133        0        4       96        0        0      204        0        0        4        0 
55:        0        0        4        0        0        0     1373       54        0        0        1        0        0        0      802        0      257        1        0        0        5        0        0      212        0        0        4        0       13        0       27        0      364        0      271        0      144        0        0        7        0       23      110      289       51        9      336        7        0        0        0        0        0        0        0      319        0       65        0        0        0        1        0        1        0        0        0        0       39        0        0        0        0        0       13        0      597        0        0     1506       38        0        0       32        0        0        0        0      172        0        1        3        7      989        0        0       27      221        0        2        7 
56:        0        0        0        0      256        0        0        0        0        0        0        0        0        0        0        0        0        0        0        0        0        2        0        0        0        0        0        0        0        1        0        0        0        0        0       27        0        0        0        0        0        0        1       14        0        0        0        0        0        0        0        0        0        0        0        0     4175        0        0        0        0        4        0        0        0        0        0       11        0        5       10        0        0        0        0        0        0        0        0        0        0        0        0        0        0       61        0        0        0        0        0        0        0        0        0      144      414        0        0        0        0 
57:        0       13        0        0        3        0        0       16        0        0      610        0        3       50       68        0        7      190        0        8       10        0        7        0        0        0      764        0        0        0        0        0        0        2        5        0        0        0        9        9        0        0       22        0        0       36      130        0        0        0        0        0        0       80       11        0        0      551        3       22        0        2       44        5        0       74        0       35       26        0      183       24        0       20       44        0      118        2        0       37        0        0        0        0        0        2      255        0        0        0        0        0        0      163        0        0        0        0        0        0        0 
58:        0        0        0        0        0        0        0        0        0        0      213        0        0        0        0        0        0        0        0        0        0        0        0        0        0        5       38        0        0        0        0        0        0        0        0        0        0        0        0      522        0        0        0        0        0        0        0        0        0        0        0        0        0        0        0        0        0        0     3950        0        0     3360        0       50        0        0        0      357        0        0       21        0        0        0       86        0        0        0        0        0        0        0        0        0        0       17        0        0        0        0        0        0        0       59        0        1        0        0        0        0        0 
59:        0        0        0        0        0        0        0        0        0        0        0        0        3      131        2       13       59     2734        0        0        0        0        0        0        0        0      809        0        0        0        0        0        0      398        2        0        0        0        6        0        0        0        5       31        0        0      190        1        0        0        0        0        0      580      399        0        0        3       49     5046        0      347        0        7        0      290        0        0        0        0        0      411        0        1       49        0        5       66        0        5        0        0       17        0        0        0        0        0        0        3        0        0        0        0        0        0        0        0        0        0        0 
60:        0        0        5        0       49        0        0        0        0        0        0        0        0      299        0        0        4      526        0        0        0      268        0        0        0        0        0        0        0        0        0        0        0        2        3        0        6      519        0       88        0        0       32       12        0      148       59        0        0        0        0        0        0        0        0     4955        0       14       65        0     1694     1124        0      884        0       20        0        0        0        0        0        0     2335        0      300        0        0       73        0      714        0        0        0        0        0        0        0        0        0      870        0        0        0        0        0        0        0        0        1        2        0 
61:      756        0        0        0        0        0        0        0        0        0        0        0        0       82        2        0        0        0        0        6       59      271        0        0        0        0        0        0        0        0        0        0        0       86       21        0        0        0        0        0        0        0      403        0        0        0        0        0        0        0        0        0        0        0        1        0        0        3        0        0        0     9348        7        5        0        0        0        0        0        0        0       47        0        0        6        0        0      966        0        0        0        0        0        0        0        0        0        0        0        2        0        0        0        0        0        7        0        0        0        0        2 
62:        0        0        0        0        0        0        0        0        0        0        0        0        0        0        0        0        0        0        0        0        0        0        0        0        0        0        6        0        0        0        0        0        0      166        0        0        0        0        0        0        0        0        0        0        0        0        0        0        0        0        0        0        0        0        0        0        0        0      124        0        0     2690     7305        0        0        3        0        0        0        0        0        0        0        0        0        0        0       90        0        0        0        0        0        0        0        0        0        0        0        0        0        0        0        0        0        0        0        0        0        0        0 
63:        0        0        0        0        0        0        0        0        0        0        0        0        0      148        0        0        0        0        0        0        0      117        0        0        0        0      107        0        0        0        0        0        0        0       98        0        0        1        0        0        0        0       18        0        0        3       25        0        0        0        0        0        0        0        1       10        0       66        0        0        0     1535        0     3690        0        0       82        0        0        1        0      233        0        0        0        0        0        6        0        0        8        0        0        5        0        0        0        0        0        0        0        0        0        0        0        0        0        0        0        0        7 
64:        0        0        0        0        0        0        0        0      695        0       21        0        0        0       69        0        0        0        0        0        0       29        0        0        0        0       25        0        0        0        0        0        0      639        0        0        0        0        0       24        0        0        0        0        0        0        0        0        0        0        0        0        0        0        0        0        0        0        0        0        0     2255     1802        0     6493     1391        5        0        0        0        0        0       26        1        0        0        0        0        0       53        0        0        0        0        0        0        0        0        0        0        0        0        0        0        0        0        0        0        0        0        0 
65:        0        0        0        0        0        0        0        0        4      106        0        0        0      941        0        0        0        0        0        0        0        0        0        0        0        0      250        0        0        0        0        0        0        0        0        0        0        0        0        0        0        0        0        0        0        0        0        0        0        0        0        0        0        0        0        0        0        0        0        0        0      220       44        0        0     6143        0        0      537        0       84        0        0        0        0        0        0        0        0        0        0        0        0        0        0       62        0        0        0        1        0        0        0        1        0        0        0        0        0        0        0 
66:      176        0       40        0        0        0        0        0        0        0        3        0        6        0        0        0        0      127        0       40        0      130        0        0        0        0      543        0        0        0        0        0        0       96        0        0        0        0        3        0        0        0        0        3        0       78        0        0        0       55        0        0        0        0        0        0        0       15       42        0        0     1829      259      506        0      436       63        0        0        0       73       35        8        0      336        2        0      158        0       13        0        0        2        6        0        0        0        0        0        0        0        0        0       11        0        0        0        0        0        0        2 
67:        0        0       34        0       92        0       13       96       32        0      194        0        0        0        0        0       15        9        0        0        6      320        0        2        0      174        0        0        4       16      219        0       95        0       20        2        0        9        0      869        9       24        2        0     1114        0       30        0        2        0      236        0       66        0        0       10      221       27        0        0        0        0        0        0        0        6        0      652       24        2        3        0       25       19       59        0        0        0       13      316       46        0        0       86        0     2027       31        0      117        0        0       19        0      220        0       40       44       34        0        4        0 
68:        0        0        0        0     2715        0        0       63       20        0        0        0        0        0      130       65       21      228        0        0      231        0        2        0        0      124     1239        0        0        5        0        0        1        0        6        8       50       44        0        0        0        0        0       30        0        0       49        0        0        0     1393        0        0      138        0        1     1257        8      126        0        0        1        0        2        0       68        0       43       74        0      247        2        0        0      248        0        9        0        0       23       26        0        0        0        0       37     1009        0        0        0        0        0        4        0        0     2094        0        0        0        0        0 
69:        0        0       10        0        0        0        0        0        0        0        0        0        0        0        0        0       12      119        0        0        0        0        0        0        0        0        0        0        0        0        0        0        3        0        0        0        0        0        0        0        0       34        0        0        3      761      369        0        0        0        0        0        0        0       26        0       15        0        0        0        0        0        0        0        0        0        0        0        0       31        0        0        0        0      184        0        0        0        0       17        0        0        0      112        0       24        0        0     1595        0        0        0        0      607        0        0        0        0        0        0        0 
70:        0        0        0        0       46        0        0        0        0        0        1        0        0        0        0        0       36      365        0        0        5        0        1        0        0      143        0        0        0        0        0        0        0        3        0        0        0        0        1       27        0        0        0        0        0        0        1        0        0        0        0        0        0        0        6        0      297       19        0        0        0        8        0        0        0        0        0        9        0        0     8060        0        0        0        1        0        0        2        0        8        1        0        0        0        0       16        0        0        0        1        0        5        0       11        0        0        2        0        0        0        0 
71:        0        0        0       60        0        0        0        0        0       14        0        0       35        0        3        0       83       54        0        0        4        0        0        0       15        0        3        0        0        8        0        0        2        0       41        0       38        0        0       58        0        0        0        0        0        0       37        0        0        0        0        0        0        0      172        0        0        0        0        0        0        0        0        0        0        0        0       12        0        0        0     1818        1        0        0        0       47        0        0       61        0        0        4        0        0        0        0        0        0        0        0        0        0        0        0        0        0       56        0        0        0 
72:        0        0        0        0        0        0        0        0        0        0        1        0        0        0        0        0        0        0        0        0        0      116        0        0        0        0        2        0        0        0        0        0        0        0        0        0        0        0        0        4        0        0        0       11        0        0        0        0      409        0        0        0        0        0        0        0        0        0        0        0        0        0        0        0        0        0        0        0        0        0        0        0     4693        0        0        0        0        0        0        1       50       28        0        0        0        0        0      120        0        0        0        0        0        0        0        0        0        0        0        0        0 
73:        0        0        0       10        0        0        0        0        0        0      113        0        4      303       14        3      345      275        0        0      266     2956        0       43        0        0       11        0        0        0        0        0        0       17      932        0        0        5        9        2        0        0       42        1        0      149      195        0       51        0        0        0        0        5       92        0        0        0        0        3        0       11        0        0        0        3        0     1006        0        9        0        0        0     8712       84        0        0       20        0       43      109        0        0        3        0      114        5        0      780        0        0        0        0       91        0       25       18       49        0        0        1 
74:        0        0        5        8      181        0        0       11       14       46       65        0        0        4       66        8      269       37        0        1      135       35        8      180        0        0       62        0       10       17        0        0        0        0       22       25       10        4        0        2        0        0      442       99        3      165       43        0        0        0      137        0        0        1       79       24       57      152       51        0        0        5        0        4        0       10        0        7        3      217       99        0        1        4     1128        0        2        0        3        4      199        0        0       17        0      485        0        0        5       19        0        0       10       13        0       22      857        0        0        0      101 
75:        0        0        0        0        1        0        0        0        0        0        0        0        0        0        0        0        0        0        4        0        0        1        0        0        0       17        0        0        0        1       35        3        0        0        0        0        0        0        0     1568      161        0        0        0        0        0        0        0       89        0       19        0        0        0        0        0        0        0        0        0        0        0        0        0        0        0        0       24        0        0        0       13       98        0        0     9958        0        0        0        0        0      219        0        0       13        0        0       17        0        0        0        1        0        0        0        0        4        0        0        0        0 
76:        0        0       20        1      101        0        0        0        0        0        5        0        0        4        0       78       41       50        0        0      113        0       40        0        0        0        3        0        0        0        0        0        0        0        5        0        1        0       16       16        0        2      103     1825        4        2      451        4        0        0        0        0        0        0       63      657        0        5        0        0        0        0        1        0        1        0        0        0        0        0        7        0        0        0        0        0     5533        0        0       27        0        0        0        0        0        0      345        0        0        0        0        0        0       11        0        0        0        0        0        0        8 
77:      496      925        0        0        0        0        0        0        0        0        0        0        0        7        0        0        1     1353        0       14        0        0        0        0        0        0        0        0        0        0        0        0        0      321        0        0        0        0     1243        0        0        0        0        0        0       99        0        0        0       19        0        0        0        0       21        0        0        0        1        0        0        0        0        0        0        0        0        0        0        0        0        0        0        1        0        0        0     5785        0        0        0        0        0        0        0        0        0        0        0        0        0        0        0        0        0        0        0        0        0        0        0 
78:        0        0        0        0        0        0      262       10        0        0       70        0        0        0        0        0        0        0        0        0        0        2      387        9       15        0        0       18        3       11       26        0      480        0        0       97        0       62        0        3        0        0        0        0      614        0        0        0        0        0      374        0        0       85       53        0        4        0        0        4        0        0        0        0        0        0        0        5        0        0        1        1        0        0        0        0        2        0      717        6        2        0        0        0        9        0        1        0        0        1       21        2      483        0        0        0      223        0        0        0        0 
79:        0        0        0        0        1        0        0      117        0        0      614        0        0        0        6        0        0        3       40        0        0      131        5        0        0       37        0        0        0        0        9       24        2        0        0        0        2      197        0      268        3        1        0       66      282        0        5        0       27        0        9        0        0       35        9        0       18        0        0        0        0        0        0        0        0        0        0       19        0        2        0       19       11        0        4        2       52        0       37     1731      220        0      125        3        0        0        0      140        0        8        0       10       94      219        0       28        0      195        0        0        2 
80:        0        0        0        0        1        0        0      244       16        0       68        0        0        0        5       17        4        0       50        0        2       76        7        0        0        0        0        1        0        1      358        0        0        0        0        3        0        6        0      232       12        0        0      332      429        0        0        0      852        0        1        0        0        6       60        0        3        0        0        0        0        0        0        0        0        0        0        0        0        0        0        0       13       10       13       96       48        0        0      129     5273      289        6        2        0      126        0       42        0        0        0       29       11        2        0       31       71        0        0        0        0 
81:        0        0        0        0        1        0        0        0        0        0        0        0        0        0        0        0        0        0        0        0        0       15        0        0        0        0        0        0        0        0        0        2        0        0        0        0        0        0        0        5        0        0        0        1        0        0        0        0     1917        0        9        0        0        0        0        0        0        0        0        0        0        0        0        0        0        0        0        0        0        0        0        0     1249        0        0      412        0        0        0        0       14     3132        0        0        0        0        0      117        0        0        0        0        0        0        0        0        0        0        0        0        0 
82:        0        0        0        0        0        0        0        4        2        0       42        0        0        0        0        0        0        0        4        0        0      293        0        0        0        4        0        0        0        0       15        2        0        0        0        0        0        0        0        0        0        0        0        3        0        0        0        0      350        0        0        0        0        0        0        0        0        0        0        2        0        0        0        0        0        0        0        1        0        0        0        1       74        2        0        1        0        0        0        0      601      104     3138        0        0        1        0       47        0        0        0        0        0        0        0        2        2        0        0        0        0 
83:        0        0      210        0        0        0       50     2033        0        0     1405        0        0        0     1255        0       32      136        0        0       16        0      102       11        8        9       39        0      185      235        0        0     2515        0        0        0        3      205        0       84        0        8        0        2      170        6       12        2        1        0        0        0        0        0        3      137        0        0        0        0        0        0        0        0        0       10        0        0        0        0       19       27        0        0      277        0      239        0        0      581        6        0        0      488       21       44        0        0        1        0        0      604      440        0        0        0        0      833        0        0        3 
84:        0        0        0        0        0        0        0        0        0        0        0        0        0        0        0        0        0        0        0        0        0        0        0        0        0        0        0        0        9       42      107        0        0        0        0        0        0        0        0        0        0        0        0        0      392        0        0        0        0        0        0        0        0        0        0        0        0        0        0        0        0        0        0        0        0        0        0      297        0        0        0        0        0        0        0        0        0        0        0        0        0        0        0        0     2770        0        0        0      175        0        0        0        0        0        0        0        0       51        0        0        0 
85:        0        0        0        0      821        0        0        0        0        0        0        0        0        2        0        0        1        0        0        0       37       45        0        0        0        0       18        0        0       50        0        0        0        0        0       97        0        0        0        0        0        0       43       30        0        0        0        0        0        0      308        0        0        0        0        0      244       14        0        0        0        0        0      124        0        5        0        6       10        0       23        0        0        3        1        0        0        0       69        0        0        0        0        0        0     2519        3        0        9        0        0        2        4       61        0      225        7        0       38        0        1 
86:        0        0        3        0       28        0        0      189       58        0      389        0        0        0        0        0        0      105        0        0        0        0        3        1       16        0      695        0        0        0        1        0        0        0       17        0        0        0        0       35        0        0        0      667        2        0        0        0        0        0      117        0        0        0        0        0        1        1        0        9        0        0        0        0        0       60        0      169        0        0      615      124       14        0        0        0       40        0        0       40        0        0        0        0        0       51     3230        0        0        0        0        0       29        2        3        0        0       10        0        0        0 
87:        0        0        0        3        0        0        0        0        0        0        0        0        0        0        0        0        0        0        0        0        0      618        0        0        0        0        0        0        0        0        9       34        0        0        0        0        0        4        0       10        0        0        2        7        0        0        0        0      146        0       12        0        0        0        0        0        0        0        0        0        0        0        0        0        0        0        0        0        0        0        0       11      359        1        0       57       15        0       14       57      535      383       36        0        0        0        0     3921        0        0        0        0        1        0        0        0        0        0        0        0        0 
88:        0        0        5        0        0        0        2        2        0        8      352        0        0        2        1        0        0        0        0        0        0        3        0        0        0       60        2        0        0        0        6        0      546        0        0        9        0        0        7       24        0      109        0        0        0        0        0        0        2        0        0        0        0        0        0        0        0        0        0        0        0        0        0        0        0        9        0        0        0        0        2        1        0        0        4        0        0        0       21        0        0        0        0        4        0       48       10        0     2066        0        0        0        0     2909        0        0        0      832        0        0        0 
89:        0        0        2        0      395        0        0        0        0        0        0        0        0        0        0        0        0        1        0        1        0        0        0        0        0        0        0        0      581     1301        0        0        0        0        0        0        0        0        0       64        0        0        0        2        0        0        0        0        0        0        7        0        0        0        0        2      205      108        0        0        0        0        0       39        0        0        0        0        0        0       32        2        0        0        0        0        0        0        0        0        0        0        0       46        0      298        0        0        3     2118      499        8        0      138        0        0       22        0        0        0        0 
90:        0        0       47       34        0        0      204       50        0        0        0        0        0        0        0        0        0       13        0        0        1        0        0      248        0        0        0      157        0        0       31        0      143        0        0        3        0        0        0       99        0       30       13      225       17       64      254       12        0        0        0        0        0        0        8       40        0        0        0        0        0       11        0        0        0        0        0        0        0        0        0       23        0        0        5        0      339        0       65       34      258        0        0      710        0        0        0        0       15        0       36      531        3      531        0        0        0      429        0        0       24 
91:        0        0        0        0        0        0        0       83        0        0      154        0        0        0     1344        0        0        0        0        0        0       50        8      458        0        0        0        0        0     1333       22        0        0        0        0       11        0       76        0        7        0        1        0       16        0        0        0        0       48        0        0        0        0        0        0        0        0        2        0        0        0        0        0        0        0        0        0      264        0        0       14        0        0        0        0        0        0        0        0        0        0        0        0     1150        0        5        0        7      370        0        0      533       72      232        0        1        0        2        0        0        0 
92:        0        0        2        0        0        0       17       21        0        0       30        0        0        0      116        0        0        0        0        0       18       56       30        9        0        0        0        0       39        0        0        0      195        0        4      148        0        6        0       16        0       29        0        2      116        0        0        1        1        0      129        0        0       47        0       44       93        0        0        0        0        0        0        0        0        0        0      421        0        0        0        0        1        0       14        0       73        0        2        4        0        0        0      234        0      701        0       10       61        0       13       30      985       37        0        2        0        5        0        0        0 
93:        0        0        3        0        0        0        0        8        0        0       18        0        0        0        0        0        0        0        0        0        0      267        0        0        0     1265        0        7        0        0        0        0       41        0        0      296        0       71        0       90        3        5        0        0       10        0        1        0       17        0        0        0        1        0        0        0        0        0        0        0        0        0        0        0        0        0        0       13        0        0        0        0        0        0       13        2        0        0       69       40       37        0      126       90        0      376        5        6      148        0        0      628        1     3648        0        0        0       44        0        0        0 
94:        0        0        0        0        0        0        0        0        4        0        0        0      731        0        0        0        0        0        0        0        0        2        0        0      547        0        0       71        0        0        0        0        0       86     3372        0        0        0        0        0        0        0        0        0        0        0        0        0        0       10        0        0        0       22        0        0        0        0        0        2        0        0        0        0        0        0        0        0        0        0        0        0        0        0        2        0        0        0        0        0        0        0        0        0        0        0        0        0        0        0        0        0        0        0     3300        0        0        0        0        0        0 
95:        0        0        0        0      507        0        0        0        0        0        2        0        0        0        0        0        0        0        0        0        0        0        0        0        0      323       10        0        9        3        0        0        0        0        0        0        0        0        0        8        0        0        0        0        0        1        0        0        0        0       80        0        0        0        9        0      258        0        0        0        0        0        0        0        0        0        0        1        0        0       27        0        3        0        0        0        0        0        0        0        0        0        0        0        0       27       28        0        0        0        0        0        0       47        0     2404        0        0        0        0        0 
96:        0        0        1        0        0        0        0      880       31        0       18        0        0        0        0        0        0        6        0        0       69        0      187        0        0        0        0        0        0        0        1        0        0        0        0        0        0        0        0        0        6        0        3        0       62        0        0        0        0        0       57        0      275        2        0        0      550        0        0        0        0        0        0        0        0        0        0      144        0        0        0        0        0        1        0        0        0        0        0        2        2        0        0        0        0      126        5        0        9        0        0        0        0       19        0        0      765        4        0        0        0 
97:        0        0        6      183       20        0       19      196        0        0     1882        0        0        1       80        0       78        0        0        0        0      166       14      231        0        0        0        2        0        0        0        0       12        1        0        0        3      254        0       97       31      265        0      189       12        0      363        0      350        0        0        0        1        0      135       24        0        0        0        0        0        0        0        0        0        0        0        0        0        0        0        0       95        0      128        0      229        0        5      175      586      106        0       56        0        0        2        5       88        0        0        0       42      107        0      140        0     1338        0        0        3 
98:        0        0        0       65        0        0        0        0        0        0        0        0        0        0        0        0      186        1        0        0        0        0        0        0        0        0        0        0        0        1        0        0        0        0      127        0        0        0        0        0        0        0      135        0        0      650      279        0        0        0        0        0        0        0        0      922        0        0        0        0        0        0        0        0        0        0        0        0        0        0        0      166        0        0        0        0        0      162        0        0        0        0        3      500        0        0        0        1      291       32        0      128       15        7        0        0        0        0        0        0        0 
99:        0        0      354        6        0        0        0        2        0        0        0        0        0        0        0        0      463     1273        0        1       66       72        0        0       57        0        0        0        0        0        0        0        0        1      966        0        0        0       17        0        0        0      698        0        0       10        0        0        0        0        0        0        0        0        0      199        0        0        0        0        0        0        0        0        0        0        0        0        0        0        0       20        0        0        0        0        0       29        0        0       11        0        0        0        0        0        0        0        0       29        0        0        0        0        0        0       74        0        0     1873        0 
100:        0        0      168      311        0        0        0        0        0        0        0        0      111      151        3        0       27      162        0       16        9      197        0        2        0        0        4        0        0       21        3        0       52      215      255       25        3        5       83        0        0        0      190        0        1      157      393        0        0        0        0        0        0        0      272      676        0        6        6       95        0      301        0        1        2       78        0        2        0        1        0       85        0        0       10        0       30       22      112       41        0        0        0      272        1        7        0        0       89       63       89       71        0      128        0        0        0        4        0        0     1480 
