Confusion Matrix:
         0    1    2    3    4    5    6    7    8    9
   0: 2344   96   18   15   17    0   55   12   14   33
   1:   11 2503   21    9   24    1    8   21    5    1
   2:    7   14 2472   26   21    4    2   24   13   21
   3:    5   46   59 2311   19   86   22   14   28   14
   4:    9   94   39   15 2415    6    7    3    6   10
   5:    1   22   28   72   19 2382   52   10   15    3
   6:   25   26   16   34   32   75 2325    6   56    9
   7:   11   94   49   27    6    4    1 2400    8    4
   8:   10   35   41   50   23   25   90    4 2291   35
   9:   43   28   89   39   34   23   13   14   26 2295
-------------------------------------------------------
              precision    recall  f1-score   support

           0   0.950527  0.900154  0.924655      2604
           1   0.846180  0.961214  0.900036      2604
           2   0.872881  0.949309  0.909492      2604
           3   0.889530  0.887481  0.888504      2604
           4   0.925287  0.927419  0.926352      2604
           5   0.914045  0.914747  0.914395      2604
           6   0.902913  0.892857  0.897857      2604
           7   0.956938  0.921659  0.938967      2604
           8   0.930544  0.879800  0.904461      2604
           9   0.946392  0.881336  0.912706      2604

    accuracy                       0.911598     26040
   macro avg   0.913524  0.911598  0.911743     26040
weighted avg   0.913524  0.911598  0.911743     26040
-----------------------------------------------------
Accuracy Macro Average: 0.911598
