Confusion Matrix:
        0   1   2   3   4   5   6   7   8   9  10  11  12  13  14  15  16  17  18  19  20  21  22  23  24  25  26  27  28  29
   0:  15   0   0   0   0   0   0   0   0   0   0   0   0   0   0   0   0   0   0   0   0   0   0   0   0   0   0   0   0   0
   1:   0 141   0   0   0   0   0   0   0   0   0   0   0   0   0   0   0   0   0   0   1   0   0   0   0   0   0   0   0   0
   2:   0   0 230   1   0   0   0   0   0   0   0   0   0   0   0   0   0   0   0   0   0   0   0   0   0   0   0   0   0   0
   3:   2   0   0 501   0   0   0   0   0   0   0   0   0   0   0   0   0   0   0   0   0   1   0   0   0   0   0   0   0   0
   4:   0   0   0   0  86   0   1   0   0   0   0   0   0   0   0   0   0   0   0   0   0   0   0   0   0   0   0   0   0   0
   5:   0   0   0   0   0  16   0   0   0   0   0   0   0   0   0   0   0   0   0   0   0   0   0   0   0   0   0   0   0   0
   6:   0   0   0   0   2   0 495   0   0   0   0   0   0   0   0   0   0   0   0   0   0   0   0   0   0   0   0   0   0   0
   7:   0   0   0   0   0   0   0  16   0   0   0   0   0   0   0   0   0   0   0   0   0   0   0   0   0   0   0   0   0   0
   8:   0   0   0   0   0   0   0   0  32   1   0   0   0   0   0   0   0   0   0   0   0   0   0   0   0   0   0   0   0   0
   9:   0   0   0   0   0   0   0   0   5  98   0   0   0   0   0   0   0   0   0   0   0   0   0   0   0   0   0   0   0   0
  10:   0   0   0   0   0   0   0   0   0   0 118   0   0   0   0   0   0   0   0   0   0   0   0   0   0   0   0   0   0   0
  11:   0   0   0   0   0   0   0   0   0   0   0  43   0   0   0   0   0   0   0   0   0   0   0   0   0   0   0   0   0   0
  12:   0   0   0   0   0   0   0   0   0   0   0   0  17   0   0   0   0   0   0   0   0   0   0   0   0   0   0   0   0   0
  13:   0   0   0   0   0   0   0   0   0   0   0   0   0 203   0   1   0   0   1   0   0   0   0   0   0   0   0   0   0   0
  14:   0   0   0   1   0   0   0   0   0   0   0   0   0   0 443   0   1   0   0   0   0   0   0   0   0   0   0   0   0   0
  15:   0   0   0   0   0   0   0   0   0   0   0   0   0   0   1 201   1   0   0   0   0   0   0   0   0   0   0   0   0   0
  16:   0   0   0   0   0   0   0   0   0   0   0   0   0   3   0   1 336   0   0   0   0   0   0   0   0   0   0   0   0   0
  17:   0   0   0   0   0   0   0   0   0   0   0   0   0   1   0   0   3 269   1   0   0   0   0   0   0   0   0   0   0   0
  18:   0   0   0   0   0   0   0   0   0   0   0   0   0   0   0   0   0   0  43   0   0   0   0   0   0   0   0   0   0   0
  19:   0   0   0   0   0   1   0   0   0   0   0   0   0   0   0   0   1   0   0 272   0   0   0   0   0   0   0   0   0   0
  20:   0   0   0   2   0   0   0   0   0   0   0   0   0   0   0   0   0   0   0   0 960   2   0   0   0   0   0   0   0   0
  21:   0   0   0   1   0   0   1   0   0   0   0   0   0   0   0   0   0   0   0   0   0 656   0   0   0   0   0   0   0   0
  22:   0   0   0   0   0   0   0   0   0   0   0   0   0   0   0   0   0   0   0   0   0   0  13   0   0   0   0   0   0   0
  23:   0   0   0   0   0   0   0   0   0   0   0   0   0   0   0   0   0   0   0   0   0   0   0   9   0   0   0   0   0   0
  24:   0   0   0   0   0   0   0   0   0   0   0   0   0   0   0   0   0   0   0   0   0   0   0   2  12   0   0   0   0   0
  25:   0   0   0   0   0   0   0   0   0   0   0   0   0   0   0   0   0   0   0   0   0   0   0   0   0  19   0   0   0   1
  26:   0   0   0   0   0   0   0   0   0   0   0   0   0   0   0   0   0   0   0   0   0   0   0   0   0   0   1   0   0   0
  27:   0   0   0   0   0   0   0   0   0   0   0   0   0   0   0   0   0   0   0   0   0   0   0   0   0   2   0  58   0   0
  28:   0   0   0   0   0   0   0   0   0   0   0   0   0   0   0   0   0   0   0   0   0   0   0   1   0   0   0   0 121   0
  29:   0   0   0   0   0   0   0   0   0   0   0   0   0   0   0   0   0   0   0   0   0   0   0   0   1   0   0   0   0  13
-----------------------------------------------------------------------------------------------------------------------------
              precision    recall  f1-score   support

           0   0.882353  1.000000  0.937500        15
           1   1.000000  0.992958  0.996466       142
           2   1.000000  0.995671  0.997831       231
           3   0.990119  0.994048  0.992079       504
           4   0.977273  0.988506  0.982857        87
           5   0.941176  1.000000  0.969697        16
           6   0.995976  0.995976  0.995976       497
           7   1.000000  1.000000  1.000000        16
           8   0.864865  0.969697  0.914286        33
           9   0.989899  0.951456  0.970297       103
          10   1.000000  1.000000  1.000000       118
          11   1.000000  1.000000  1.000000        43
          12   1.000000  1.000000  1.000000        17
          13   0.980676  0.990244  0.985437       205
          14   0.997748  0.995506  0.996625       445
          15   0.990148  0.990148  0.990148       203
          16   0.982456  0.988235  0.985337       340
          17   1.000000  0.981752  0.990792       274
          18   0.955556  1.000000  0.977273        43
          19   1.000000  0.992701  0.996337       274
          20   0.998959  0.995851  0.997403       964
          21   0.995448  0.996960  0.996203       658
          22   1.000000  1.000000  1.000000        13
          23   0.750000  1.000000  0.857143         9
          24   0.923077  0.857143  0.888889        14
          25   0.904762  0.950000  0.926829        20
          26   1.000000  1.000000  1.000000         1
          27   1.000000  0.966667  0.983051        60
          28   1.000000  0.991803  0.995885       122
          29   0.928571  0.928571  0.928571        14

    accuracy                       0.991972      5481
   macro avg   0.968302  0.983796  0.975097      5481
weighted avg   0.992295  0.991972  0.992045      5481
-----------------------------------------------------
Accuracy Macro Average: 0.983796
