Confusion Matrix:
       0   1   2   3   4   5   6
  0: 265  17   2   3   3  19   0
  1:   4 117   3   0   0  11   0
  2:   5  37 135   0   0   0   0
  3:   0   0  14  55   0   6   0
  4:   0   0   0   0 206   0   1
  5:   6   8   0   0   0  70   0
  6:   6   0   0   6   0   0 237
--------------------------------
              precision    recall  f1-score   support

           0   0.926573  0.857605  0.890756       309
           1   0.653631  0.866667  0.745223       135
           2   0.876623  0.762712  0.815710       177
           3   0.859375  0.733333  0.791367        75
           4   0.985646  0.995169  0.990385       207
           5   0.660377  0.833333  0.736842        84
           6   0.995798  0.951807  0.973306       249

    accuracy                       0.877832      1236
   macro avg   0.851146  0.857232  0.849084      1236
weighted avg   0.891279  0.877832  0.880938      1236
-----------------------------------------------------
Accuracy Macro Average: 0.857232
