Average: 0.877832
Micro Average: 0.877832
Macro Average: 0.849084
Confusion Matrix:
           0        1        2        3        4        5        6
 0:      265       17        2        3        3       19        0 
 1:        4      117        3        0        0       11        0 
 2:        5       37      135        0        0        0        0 
 3:        0        0       14       55        0        6        0 
 4:        0        0        0        0      206        0        1 
 5:        6        8        0        0        0       70        0 
 6:        6        0        0        6        0        0      237 
