Average: 0.858414
Micro Average: 0.858414
Macro Average: 0.821427
Confusion Matrix:
           0        1        2        3        4        5        6
 0:      274        6        1       13        2        4        9 
 1:       30       98        4        3        0        0        0 
 2:        3       29      141        4        0        0        0 
 3:        4        0        3       48        0       11        9 
 4:        0        0        0        6      201        0        0 
 5:        9        1        0        6        0       68        0 
 6:        4        0        0       14        0        0      231 
