Confusion Matrix:
       0   1   2   3   4   5   6
  0: 274   6   1  13   2   4   9
  1:  30  98   4   3   0   0   0
  2:   3  29 141   4   0   0   0
  3:   4   0   3  48   0  11   9
  4:   0   0   0   6 201   0   0
  5:   9   1   0   6   0  68   0
  6:   4   0   0  14   0   0 231
--------------------------------
              precision    recall  f1-score   support

           0   0.845679  0.886731  0.865719       309
           1   0.731343  0.725926  0.728625       135
           2   0.946309  0.796610  0.865031       177
           3   0.510638  0.640000  0.568047        75
           4   0.990148  0.971014  0.980488       207
           5   0.819277  0.809524  0.814371        84
           6   0.927711  0.927711  0.927711       249

    accuracy                       0.858414      1236
   macro avg   0.824444  0.822502  0.821427      1236
weighted avg   0.866198  0.858414  0.860804      1236
-----------------------------------------------------
Accuracy Macro Average: 0.822502
