Confusion Matrix:
         0    1    2    3    4    5    6    7    8    9
   0: 2396   44   19   23    7    3   46    8    6   52
   1:   34 2447   24   24   13    5    5   41    7    4
   2:    6   14 2423   53   18   31    7   16    9   27
   3:    7   34   38 2330   16  104   21   14   24   16
   4:   10   80   36   37 2386   11   16    3    9   16
   5:    1   15   29  108   11 2390   27   11    6    6
   6:   43   22   13   51   14   95 2280    2   65   19
   7:   10   82   43   51    6   26    4 2380    1    1
   8:   12   23   31   88   19   27  100    5 2270   29
   9:   57   24   93   48   14   34   22   13   28 2271
-------------------------------------------------------
              precision    recall  f1-score   support

           0   0.930124  0.920123  0.925097      2604
           1   0.878636  0.939708  0.908146      2604
           2   0.881411  0.930492  0.905287      2604
           3   0.828297  0.894777  0.860255      2604
           4   0.952875  0.916283  0.934221      2604
           5   0.876742  0.917819  0.896811      2604
           6   0.901899  0.875576  0.888542      2604
           7   0.954673  0.913978  0.933883      2604
           8   0.936082  0.871736  0.902764      2604
           9   0.930356  0.872120  0.900297      2604

    accuracy                       0.905261     26040
   macro avg   0.907110  0.905261  0.905530     26040
weighted avg   0.907110  0.905261  0.905530     26040
-----------------------------------------------------
Accuracy Macro Average: 0.905261
