Confusion Matrix:
           0     1     2     3     4     5     6     7     8     9    10    11    12    13    14    15    16    17    18    19    20    21    22    23    24    25    26    27    28    29    30    31    32    33    34    35    36    37    38    39    40    41    42    43    44    45    46    47    48    49    50    51    52    53    54    55    56    57    58    59    60    61    62    63    64    65    66    67    68    69    70    71    72    73    74    75    76    77    78    79    80    81    82    83    84    85    86    87    88    89    90    91    92    93    94    95    96    97    98    99   100
    0:  3637  3127     0     0     0     0     0     0     0     0     0     0     3   160     0     0     0     0     0     2     0     0     0     0     0     0     0     0     0     0     0     0     0     5     0     0     0     0     0     0     0     0     0     0     0     0     0     0     0     0     0     0     0     0     0     0     0     0     0     0     0   363     0     0     0     0     0     0     0     0     0     0     0     0     0     0     0    14     0     0     0     0     0     0     0     0     0     0     0     0     0     0     0     0     0     0     0     0     0     0     0
    1:   124  5008     0     0     0     0     0     0     0     0     0     0     0     0     0     0     0     0     0   516     0     0     0     0     0     0     0     0     0     0     0     0     0    24     0     0     0     0   229     0     0     0     0     0     0     0     0     0     0     0     0     0     0     0     0     0     0     0     3     0     0     0     0     0     0     0     0     0     0     0     0     0     0     0     0     0     0   319     0     0     0     0     0     0     0     0     0     0     0     0     0     0     0     0     0     0     0     0     0     0     0
    2:     0     0  2534     0     0     0     0     0     0     0     0     0     0     0   262     0    13   259     0     0     0    83     0    19     0    98     1     0     3     0     0     1   145    13     0     0     0     0     9     2     0   423     3     4     2    21     5     0     8     2     4     9     0     0     0     0   260     4     2     0    27     1     0     0     0     3     0     1     0   464     0     0     0     0    93     8   222     0   234     0   166     0    26     2     0     0     1     0     0    21     3    56   362     5     0     0     5     2   191     0    32
    3:     1    48    57  5027     0     0     0     0     0     0     0     0     0    15     0     0     0     1     0    51     0     0     0     0   777     0     0     0     0     0     0     0     0     5     3     0     0     4     1     0     2     0     0     0     0     0     0     0     0     9     0     0     0     0    95     0     0     0     0     2     0     0     0     0     0     2     0     0     0     0     0    26    69    42     0     0     0     6     0     0     0     0     0     0     0     0    77     0     0     0     0     0     0     0     0     0     0     0     0     0     0
    4:     0     0     0     0  3041     3     0     0    32     0     0     0     0     0     0     2     0     0     0     0    93     0     0     0     0     0     0     0     0    69     0     0     0     0     0     0     0     0     0     0     0     0     0     0     0     0     0     0     0     0    16     0     0     0     0     0    47     0     0     0     0     0     0     0     0     0     0     0     0     0     0     0     0     0     0     0     0     0    21     0     0     0     0     0     0     0   109     0     0     0     0     0     0     0     0   150     0     0     0     0     0
    5:     1     0     0     0     0  6376     0     0   237    24     0     0     0     0     0     6     0     0     0     0     0     2     0     0     0     0     5     0     0     1    54     0     0     0     0     0     0   191     4     0     2     1    10     0    10     0     0     0     0     3     0     0    64     0     0     0     0     3     0     0     0     1     0     0     0     0    34     0     0     0    13     0     2     0     0     0   179     0     3    10     0     0     0     0     0     0    57     0     3     0     0     0     0     0     0     0     0     0     0     0     0
    6:     0     0   223     0     0     0  3358    64     0     0     0     0     0     0    63     0     0     0     0     0     0     0     0     0     0     0     0     0     0     0     0     0   137     0     0     0     0     0     0    32     8     8     0     0     0     0     0     0     0     0     4     0     0     0     0     0     0     0     0     0     0     0     0     0     0     0     0     0     0     0     0     0     0     0     0     0     0     0    46     0     0     0     0    55     2     0     0     0     0     0     0     3     0     0     0     0     0     0     0     0     0
    7:     0     0     0     0     1     0     0  2044     0     0     1     0     0     0     1     0     0     0     0     0     0     1     0     6     0    63     0     0    29     0     0     0     0     0     0     0     0     0     0     0     0    16     0     0   190     0     0     0     0     0     0     0     0     0     0    12     0     0     0     0     0     0     0     0     0     0     0     3     0    30     0     0     0     0     0     0     0     0     6    29     0     0     0   167     0     8     0     0     0     0     0   776    11     6     0     4   518     0     0     1     0
    8:     0     0     0     0     0     0     0     0  2126     0     0     0     0     0     0     0     0     0     0     0     0     0     0     0     0     0     0     0     0     0     0     0     0     0     0     0     0     0     0     7     0     0     0     0     0     0     0     0     0     0     0     0     0     0     0     0     0     0     0     0     0     0     0     0     0     0     0     0     0     0     0     0     0     0     0     0     0     0     0     0     0     0     0     0     0     0     0     0     1     0     0     0     0     0     0     0     0     0     0     0     0
    9:     0     0     0     0     0     0     0     0     7  4917     0     0     0     0     0     0     0     0     0     0   261     0     0     0     0     0     0     0     0     0     0     0     0     0     0     0     0     0     0     0     0     0     0     0     0     0     0     0     0     0     0   130     0     0     0     0     0     0     0     0     0     0     0     0     0     0     0     0     0     0     0     0     0     0     0     0     0     0     0     0     0     0     0     0     0     0     0     0     0     0     0     0     0     0     0     0     0     0     0     0     0
   10:     0     0    49     0     3     0     0     9    49     0  6611     0     0     0     0     0     0     0     0     0     0     0     0     0     0     1     0     0     0     0     0     0    47     0     8     3     0     0     0     0     0   248    22     0     6     0     0     0     3     0    25     0     0     0     0     0     0    11     0     0     5     0     0     0     0     0     0     0     0     0     0     0     1     0     0     4     0     0    13  1244     0     1     0    77     0     0     0     0    75     0     0   208    60   116     0     0     8    39     0     0     0
   11:     0     0     0     0     0     0     0     0     0     0     0 12714     0     0     0     0     0     0     0     0     0     0     0     0     0     0     0     0     0     0     0     0     0     0     0     0     0     0     0     0     0     0     0     0     0     0     0     0     0     0     0     0     0     0     0     0     0     0     0     0     0     0     0     0     0     0     0     0     0     0     0     0     0     0     0     0     0     0     0     0     0     0     0     0     0     0     0     0     0     0     0     0     0     0     0     0     0     0     0     0     0
   12:   111    56    22     0     0     0     0     0     0     0     0     0  1844    22     0     1     9     2     0   499    37     0     0     0     0     0     3     0     0     0     0     0     0  2287    37     0     0     0   350     0     0     0    80   117     0     1     4     0     0     0     0     0     0     0    16     0     0    21     0    81     0    77     1     0     0     4    15     0     0     1     0     0     0    49     0     0     0     3     0     0     0     0     0     0     0     0     0     0     0     0     0     0     0     0     0     0     0     0     0     0     0
   13:     0     0     0     0     0     0     0     0     0     0     0     0     0  2777     0     0     0     0     0     1     0     8     0     0     0     0     2     0     0     0     0     0     0     0     0     0     0     0   121     0     0     0     0     0     0     3     0     0     0     0     0     0     0     0     0     0     0     0     0     0     0     0     0     0     0     3     0     0     0     0     0     0     0     0     0     0     0    50     0     0     0     0     0     0     0     0    23     0     0     0     0     0     0     0     0     3     0     0     0     0     0
   14:     0     0    52     0     0     0     0     0     0   224    25     0     0     0  1008     0    26    15     0     0     0     0     0     0     0     0     0     0     0     0     0     0     0     0     0     0   310     0    89     7     0     0     0     0     0   313   117   158     0     0     0   175     0     0   136   117     0    46     0     1     1    10     0     0     0     0    54     0     0    25    38     0     0     0     2     0     3     0     0     0     0     0     0     0     0   322     6     0     0    41    22     0     0     0     0     0     0     0   352     0     1
   15:     0     0     0     1   116     0     0     0    19     0     0     0     0     0    13  5162     0     0    19     0    33     0     0     0     0     0     0     0     0     0     0     0     0     0     0     0     0     0     0     0     0     0     0     3     0     0     0     0     0     0     3     0     0     0     0     0     0     0     0     0     0     0     0     0     0     0     0     0     0     0     0     1     0     0     0     0    49     0    35     0     0     0     0     0     0     0     5     0     0     0     9     0     0     0     0     0     0     0     0     0     0
   16:     0     0     1     0     0     0     0     2     0    27     0     0     0     0     7     0  4000  1656     0     0  1191     2     0     0     0     1     0     0     0     0     0     0     0    57     0     0     0     0   305     0     0     0     0     0     1     0     0     3     0     0     0    31     0     0     0     0     0     0     0     0     1     0     4     0     0     2     0     0     0     0    23     0     0     0   582     0     0     1     0     0     0     0     0     0     0    22     0     0     0     0     0     0     0     0     0     0     0     0  1922     0    22
   17:     0     0     1     7     0     0     0     0     0     9     0     0   141    14     0     4   224  5220     0    98     0     0     0     0     0     0     0     0     0     0     0     0     0    50  1381     0     0     0   366     0     0     0     0     0     0     3     0     0     0    69     0     0     0     0     2     0     0     1     1    80     0     0     0     0     0     0    58     0     0   167     3     0     0     5   109     0     2   256     0     0     0     0     0     0     0     0     0     0     0     0     0     0     0     0     0     0     0     0     0    75     0
   18:     0     0     0     0     0     0     0     0     0     0     0     0     0     0     0     0     0     0  4342     0     0    62     0     0     0   120     0     0     0     0     0   450     0     0     0     0     0     0     0     0     0     0     0     0     0     0     0     0     0     0     0     0     0     0     0     0     0     0     0     0     0     0     0     0     0     0     0     0     0     0     0     0     0     0     0    49     0     0     0     0     0    27     0     0     0     0     0    48     0     0     0     0     0     0     0     0     0     0     0     0     0
   19:  1046  1016     0     0     0     0     0     0     0     0     0     0     0   164     0     0     1     2     0  2165     0     0     0     0     0     0     0     0     0     0     0     0     0    59     0     0     0     0     0     0     0     0     0     0     0     0     0     0     0    56     0     0     0     0     0     0     0     0     0   198     0    27     0     0     0     0     0     0     0    18     0     0     0     0     0     0     0  5343     0     0     0     0     0     0     0     0     0     0     0     0     0     0     0     0     0     0     0     0     0     0     0
   20:     0     0     0     0   225     0     0     0     0     0     0     5     0     0     2     0    45     0     0     0  4416     0     0     0     0     0     0     8     0    63     0     0   632     0     0     0    10     0     0    30     0     0     0     6    14     0     0    47     0     0   266     0     0     0     0     0    48    20     0     0     0     0     0     0     0     0     0     0     0     0     0     0     0     0     0     0     1     0     0     0     0     0     0     0     0   516    10     0     0     0     0     0     0     0     0    13     0     0     0     1     0
   21:     0     0     0     0     2     9     0   104     0     0     0     0     0     0     1     0     0     0     3     0     7  2369     0     2     0    17     2     0     0     0     6     0     0     1     0    31     0     0     0     3     3    32     1     4    35     1    24     0   111     0     0     0     1     2     0     0     0     0     0     0     0     0     0     0     0     1     0     8     1     1     0    13    25    77    77    12     0     0     0     5    48    36    68    32     0    30     0    48     0     0     0     0     0    40     0     0     0     0     0     4     2
   22:     0     0     0     0    35     0    24   203     0     0     0     0     0     0     2     0     1     0     0     0     2     0  2055   296     0     0     0    23    40    65     0     0     0     0    20     0     0   173     0     6     0     0     0    49    38     0     0     0     0     0     1     0     0     0     8   148     0     0     0     0     0     0     0     0     0     0     0     0     0     0     0     1     0     0     0     0    15     0     0   285   378     0     0    37     0     2     0     1     0     0    32    29     0     0     0     0     3     0     0     2     0
   23:     0     0     0     0     0     0   105     0     0     0     0     0     0     0     0     0     0     0     0     0     0     1   975  1941     0     0     0     0   333     0    50     0   136     0   105   172     4     0     0     0     3     0     0     0     0     0     0     0     0     0     0     0     0     0     0     0     0     0     0     0     3     0     0     0     0     0     0     0     0     0     0     0     0     0     0     0     0     0    30     0     0     0     0     4     5     0     0     0   546    11    19     0   304    33     0     0     0     0     1     0     0
   24:     0     0     0     0     0     0     0     0     0     0     0     0     0     0     0     0     0     0     0     2     0     0     0     0  5785     0     0     0     0     0     0     0     0     0     0     0     0     7     0     0     0     0     0     0     0     0     0     0     0     1     0     0     0    56     0     0     0     1     0    15     0     0     0     0     0     0     0     0     0     0     0     0     0     0     0     0     0     0     0     0     0     0     0     0     0     0     0     0     0     0     0     0     0     0     0     0     0     0     0     0     0
   25:     0     0     0     0     0     0     0     0     0     0     0     0     0     0     0     0     0     0     0     0     0     0     0     0     0  7792     0     0     0     0     0    15     0     0     0     0     0     0     0     0     0     0     0     0     0     0     0     0     0     0     0     0     0     0     0     0     0     0     0     0     0     0     0     0     0     0     0     0     0     0     0     0     0     0     0    40     0     0     0     0     0    57     0     0     0     0     0     0     0     0     0     0     0     0     0     0     0     0     0     0     0
   26:     0     0     3     0     5    54     0     0     0     0     0     0     0     0     0     0     0     0     0     0     0     5     0     0     0     3 10132     0     0     0     0     0     0     2     0     0     0     0     2     4     0     0     1     0     0     2     0     0     0     0     0     0     0     0     1     0     0     0     0     0  1734     0     0    10     0     0     0     0     0     0     5     0     0    10     0     0     0     0     0     2     0     0     0     0     0    40     0     0     0     0     0     0     0    64     0    41     0     0    61     0     0
   27:     0     0     0     0    39   342   511     0     3    62     0     0     0     0     0     0     0     0     0     0     2     0     0     0     0     0     0  3271     0     0     0     0     0     0     0     0     0     0     0    10     2     3     0     0     0     0     0     0     0     0   111    15     0     0     0     0    23    11     0     0     0     0     0     0     0     0     0     0     1     0     2     0     0     0    62     0     0     0     0     0     0     0     0     0     0     8     8     0     0     0    10     4     0     0     0    11     0     0     0     0     0
   28:     0     0     0     0     0     0    46     0     0     0     0     0     0     0     0     0     0     0     0     0     0     0     0     0     0     0     0     5  2414     0  1023     0     0     0     0     0     0     0     0     0     0    38     0     6     0     0     0     0     0     0     0     0     0     0     0     0     0     0     0     0     0     0     0     0     0     0     0     0     0     0     0     0     0     0     0     0     0     0     0     0     0     0     0     1   738     0     0     0     0     0     0    24     0     0     0     6     0     0     0     0     0
   29:     0     0     0     0   583     0     0     0     1     0     0     0     0     2     1    14     0     0     0     0     0    15     0     0     5    33     0     0     0  4054     0     0     0     0     1     0     1     0     0    99     0     0     0   210    11     2     4     0     0     0    15    13     0     0     0     0   165     7     1     1     0     0     0     2     0     0     0     0    22     0    38   109     3     0     0     0     0     0     0     0     0     0     0     1     0    26     1     0     0     2     0     2     0     0     0    69     0     0     0     0     0
   30:     0     0     0     0     2    34     5     1     0     0     0     0     0     0     0     0     0     0     0     0     0     0     1   137     0     0     0     0    74     0  2710     2     0     0     0     5     0     0     0    28     3     0     0     0     3     0     0     0     0     0     4     1     0     0     0     0     0     0     0     0     0     0     0     0     0     0     0     6     0     0     0     0     8     0     0     0     0     0    70     0     1     0     0     0   113     0     0     5     0     0     5    13     0     2     0     0     0     0     0     0     3
   31:     0     0     0     0    79     0     0     0     0     0     0     0     0     0     0     0     2     0  4335     0     1     0     0     0     0   193     0     0     0    75     0  2166     0     0     0     8     0     0     0     0     0     0     0    26     0     0     0     0     0     6     0     0     0     0     0     0     0     0     0     0     0     0     0     0     0     0     0     0     0     2     8     0     0    13     0     0     0     0     0     0     0    82   148     0     0     0     0    11     0     0     0     0     0     0     5     0     0     0     0     0     0
   32:     0     0   288     0     0     0    32     5     0     0     0     0     0     0     0     0     0     0     0     0     0     0    18    91     0     0     0     0   157     0   731     0  4406     0     0     0     0    36     0     0     0     0     0     0     0     0     0     0     0     0    53     0     0     0     0     0     0     0     0     0     0     0     0     0     0     0     0     0     0     0     0     0     0     0     0     0     0     0   353     0     0     0    19   232     0     0     0     0     0     0    29     3     0     0     0     0     0     0     0     0     0
   33:     0     0     4   188     0     0     0     0     0     1     0     0   382     1     0     1     0   114     0     0     0    70     0     0     5     0     6     1     0     0     0     0     0  2311    19     0     0    52   399     0     0     0     0     0     0     0     1     0     0     5     0     0     0     0     3     0     0     7     0     3     0     0     0     0     0     0     0     0     0     0     0     1     0     0     0     0     0    11     0     0     0     0     0     0     0     0     1     0     0     0     0     0     0     0     0     0     0     0     0     5     0
   34:    53     0   145    27     0     0     0     0     0     2     0     0     3     0     0     0     0     3     0   461     0     0     0     0     0     0     0     0     0     0     0     0     0    64  1313     0    14     0   609     0     0     0     0     0     0     0     0     0     0   129     1     0     0     0   528     0     0     0     0     0     0     0     0     0     0     3     0     0     0     0     0    46     0     0     3     0     0    25     0    39     0     0     0     0     0     6     0     0    32     0     0     0     0     2     0     0     0     0     0     0    13
   35:     0     0     0     0     0     0     0     0     0     0     0     0     0     0   105     0     0     0    14     0     0     0     0     1     0     0     0     0     0     0     1     0    51     0     0  4570     0     0     0     0     0     0     0     0     0     0     0     0     0     0     0     0     0     0     0     0     0     0     0     0     0     0     0     0     0     0     0     0     0     0     0     8     0     0     0     0     0     0   251     0     0     0     0    40     0    60     0     0     0     0     0     0  3254     0     0     7     0     0     0     0     0
   36:     0     0     0   184     0     0     0     0     0    27     0     0     0    25     0     0   557     0     0     0     0     0     0     0     0     0     0     0     0     0     0     0     0     0    42     0  2042    22     0     4     0     0     0     0     0     0    18     0     0     0     0    76     0     0     0     0     0     0     0     0     0     0     0     0     0     0     0     0     0     1     0    16     0     0     0     0    58     0     0     0     0     0     0     0     0     4     0     0     0    47     0     0     0     0     0     0     0     0     3     0     0
   37:     0     0    17    96     0   102     0   216    42    20     0     0     9     0   385    28    59     1     0     0   371     0    26     0     1     0     0     0     0     2     0     4   208     0    41     0   417   144     6     0     0     7    13     0     0     0   167   277     0     2    11     5    14     0   189     0   448     0     0     0     0     0     0     0     0     8     0     0     0    23     0   243     0    15     1     0    59    51   270   257     0     0     0   144     0    15     2     0     0    36     0    85    20    35   442     0    59    19     0     0     0
   38:     0     0     0     2     0     0     0     0     0     0     0     0   115     1     0     1     0   140     0     0     0     0     0     0    13     0     0     0     0     0     0     0     0   307    88     0     0     0  7770     0     0     0     0     0     0     0     0     0     0     0     0     0     0     0     0     0     0     0     1    13     0    24     0     0     0   188     0     0     0     0     0     0     0     0     0     0     0   271     0     0     0     0     0     0     0    42   469     0     0     0     0     0     0     0     9     0     0     0     0     0     0
   39:     0     0     0     0    23     0    11     1    21     0    20     0     0     0     3    24     1     0    41     0   118     1     0     0     0    89     0     5     0   373     0     0     0     0     1    14     0     0     0  1090     4    65     2    18   670     0     0     3     0     0   488     0   163     0     0     6   443    62     0     0     0     0     0     0     0     0     0   319     0     0    76     3     0     0    12    15     8     0    38     5     4     0     3     0     0    96    49     0     6     5     0     3    44    20     0     1   122     3     0     6     0
   40:     0     0     0     0     0     3     0     0     0     0     0     0     0     0     0     0     0     0     0     0     0     0     0     0     0     0     0     0     2     0   247     0     0     0     0     0     0     0     0     0  6295    75     0     0     0     0     0     0     0     0     0     0     7     0     0     0    30     0     0     0     0     0     0     0     0     0     0     0     0     0     7     0     0     0     0     0     0     0     0     0     0     0     0     0    12     0     0     0     0     0     0     0     0     0     0     0     4     0     0     0     0
   41:     0     0     0     0     0     0     0     0     0     0     9     0     0     0     0     0     0     0     0     0     0     0     0     3     0     0     0     0    35     0    24     0    58     0     0     3     0     0     0     0     5  8522     0     0     0     0     0     0     0     0     0     0     0     0     0     0     0     0     0     0     0     0     0     0     0     0     0    15     0     0     0     0     0     0     0     0     0     0     0     0     0     0     0     0     0     0     0     0    11     0     0     0     0     4     0     0     0     1     0     0     0
   42:     0     0     0     0     0     2     0     5     0   115    36     0     0     0    57     0     0     0     0     0    10     0     0     0     0     0    10     0     0     0     0     0     0    20     0     1     0     0     6    20     0     0  1706     0    27     0     2    28     0     0     0     0     0     0     0     0     0   528     5     2    23     0     0     3     0    13     0     0     1     1     0    17     0     0     0    34   307     0     2     4     0     0     0    33     0     0     0     0    88     5     0     0    32   153     0    26     0     0     0     0   168
   43:     0     0     0     2    12     0     1     0    13     0     0     0     0     0     7     2     0     0     0     0     0   105     0     0     0     0     0     0     0    20     0    15     0     0     0     0     0    23     0     0     0     0     0 11015     1     0     3     9    50     0     0     0     8     0     0     0     0     0     0     0     0     0     0     0     0     0     0     0     3     0     0     0     1     0     0     0    29     0    18     0     6     0    11     0     0     0     9    69     0     0     0     0     0     0     0     0     0     0     0     0     0
   44:     0     0     0     0     1    10    21     0     1     0     7     0     0     2     0     6    16     0     0     0     0     5     0     6     0     0     0     0    89     5     0     0     4     0     0     0     0     0    18   659    16     0   164    85  1502     0     0     0     0     0   365     0     0     0     0     1     0     9     0     0     0     0     0     0     0     0     2    22     0     0    73     0     0     0     1     1     2     0     4     7     0     0     0     6     0     0     0     0    12    21     0    96   174    18     0     0    19     1     0     3     4
   45:     0     0    16    88     0     0     0     0     0     0     0     0    24     4     0     0   128     0     0     0     0   213     0     0     0     0     0     0     0     0     0     0   999     0     0     0     0     0     3     0     0     0     0     0     0  7725     0     0     0     0     0     0     0     0   146     9     0     0   234   182     2    63     3     0    26   137    17     0     0     0     0     0     0     0     2     0     0     3     0     0     0     0    31     0     0     0     0     0     0     0     0     0     0     0     0     0     0     0     0     1    24
   46:     0     0   219    11     0     0     0     0     0     0     0     0     0     0     0     0   428     0     0     0    61     0     0     0     0     0     0     0     0     0     0     0   120     0    13     0   231     0    30     0     0     0     0     0     0     0  1288     5     0     0     0     0     0     0     0     0     0     0     0     0     0     0     0     0     0     0     0     0     0     0     0     0     0     0     0     0     0     8     0     0     0     0     0     0     0     0     0     0    10     0   212     0     0     3     0     0     0    29     5     0   249
   47:     0     0     0    10   158   348     0   593     0     0     0     0     0    85  2502    25     0     0     0     0    79     0   185     6     0     0     0     0     0     5     0     0     0     0     0     3    77   649     0     2     0     0   228     0     0    10   551   127     0     0   108    79     0     0   851   326     0  1680     0    37  1514     0     0  1011     0     7     0     0    17     0     0     1     0     0     0     0  2344     0   169     0     0     0     0   523     0   167     8     0     0   441   904     0     0     0     0     0     0     0    17     0     0
   48:     0     0     0    16     0     0     0     0     0     0    61     0     0     0     0     0     0     0     0     0     0    14     0     0     0     0     0     0     0     0     0     3     0     0     0     0     0     2     0     0     0     0     0     0     0     0     0     0  5181     0     0     0     0     0     0     0     0     0     0     0     0     0     0     0     0     0     0     0     0     0     0     0   649     0     0   357     0     0     0     0    30    23     0     2     0     0     0   177     5     0     0     0     0     4     0     0     0     0     0     0     0
   49:     0     0     0     1     0     0     0     0     0     0     0     0     0     0     0     0     0     0     0     0     0     1     0     0   917     0     0     0     0     0     0     0     0     1     2     0     0     0     0     0     0     0     0     0     0     0     0     0     0  6166     0     0     0     0     0     0     0     0     0     0     0     0     0     0     0     0     0     0     0     0     0     0     0     7     0     0     0   170     0     0     0     0     0     0     0     0     1     0     0     0     0     0     0     0   520     0     0     0     0     0     0
   50:     0     0     0     0    43   307    21     0     2     0     0     0     0     0     1   111     4     0    47     0     0     0     0     4     0     0     0     0    77    23     2     0     0     5     6     0     0    10     2    10     0    33     0    14    97     0     0     2     0     0  2535    11     0     0     3     0     0    54     0     1     0     0     0     0     0     0     0     5     0     0     0     0     1     0     0     0     0     0   829     3     0     0     0     0     6     0   117     0     0     4     7    70    11     1     0   109    60     0     0     9     0
   51:     0     0     0   123     0    43     0     0     0   164    83     0     0     0  1144     4     2    26     0     0   278     0     0     1     0     0     0    10    15    90     0     5     2     0     4     6   101     4    24     1     0     0     8     0     0     7    38   100     0     0     0  3557    35     0    93     0     1    16     0     0     6     0     0     0     0     2     0     4     0     0     0     5     0     0    26     0     6    46     0     0     0     0     0   102     0     0    58     0    47     0     2  1969    77     0     0     0     0     0     0     0     6
   52:     0     0     0     0     0   896     0     0     0     0     0     0     0     0     0     0     0     0     0     0     0     0     0     0     0    19     0     0     0     0     0     0     0     0     0     0     0     0     0     0     0     0     0     0     0     0     0     0     0     0     0     0  2946     0     0     0     0     0     0     0     0     0     0     0     0     0     0     1     0     0     0     0     0     0     0     0     0     0     0    17     0     0     0     0     0    19     0     0     0     0     0     0     0     0     0     0     1     0     0     0     0
   53:     0     0     0    11     0     0     0     0     0     5     0     0     0   883     0     0     0     0     0     0    10     0     0     0    94     0     0     0     0     0     0     0     0     0     2     0     0     0     0     0     0     0     0     0     0     0     0     0     1     0     0     0     0  3400    39     0     0    35   446   416     0     0     8     0     0   169     0     0     0     0    10     0     0     3     0     0     1     5     0     0     0     0     0     0     0     0     0     0     0     0     0     0    29     0     0     0     0     0     0     0     0
   54:     0     0   147  1017     0     0     0     0     0     0     0     0     0     0    23     0   148     0   204     0    18     0     0     5    18     0     0    17     0     0     0    15     0     0    52     0    10     0     0     0     0     0   115     0     0     0     7    16     0     0     0     1     0     0  4077     0     0     4     0     0     0     0     0     0     0     0     0     0     0   118     0    11     0     0     0     0     0     0     0   200     1     0     0     0     0     0     0     0     0    33     0     0     8     0    35     0     0     0    51   224     0
   55:     0     0   107     0     0     1    74     9     0     0    25     0     0     0    39     0     0     0     0     1     5     0     0  1009     0     0     0     0     5     2   259     0   307     0     0     0   732     0     0    65     0   143    22    64     4  1113     9     0     0     0     0    71     1     0     0   713     7    23     0     0     3    14     0   189     0     0     1     0    12     0     0     0     0     0     3     0   205     0     0    49     0     0     0   156     0     0     0     0   169     4   925     0   416  1103     0     7     0    87    27     0   224
   56:     0     0     0     0    69     2     0     0     0     0     0     0     0     0     0     0     0     0     0     0     0     0     0     0     0     0     0     1     0   189     0     0     0     0     0     0     0     0     0     0     0     0     0     0     0     0     0     0     0     0     0     0     0     0     0     0  4436     0     0     0     0     0     0     0     0     0     0     0     0     0     0     0     0     0   308     0     0     0     0     0     0     0     0     0     0    52     0     0     0     0     0     0     0     0     0    68     0     0     0     0     0
   57:     0     0   126     2     1    47     0     0     0     4     0     0     7    65    32    51     1   216     0     0    18     3     0     0     0     1    99    25     0     0     0     0     0    60     0     3     0    17    12     1     0     1     5     1     0    25     2     0     0     0     0    15     0    29   204     6     0   961     0    13    71     1    25    37     0     9    67     0   279     0    75     8     0     1   131     0   556     1     0     4     0     0     0     0     0     3   317     0     5     0     0     0     1     0     0     0     0    14     0     0     5
   58:     0     0     0     0     2     0     0     0     0     0     0     0   105     0     0     0     0     0     0     0     0     0     0     0     0     0     1     0     0     0     0     0     0     0     0     0     0     0     0     0     0   864     0     0     0     0     0     0     0     0     0     0     0     0     0     0     0     0  6699     0    14   484     0     0     0     0    58     0     0     0     0     0     0     0     0     0     0     0     0     0     0     0   452     0     0     0     0     0     0     0     0     0     0     0     0     0     0     0     0     0     0
   59:     0     0     2     0     0     0     0     0     0    50     0     0     1     0     0     0    26    12     0     0     0     0     0     0     0     0   131     0     0     0     0     0     0    53     0     0     0     0   370     0     0     0     0     0     0     8    36     0     0     0     0     0     0    35     0     0     0     0    64  9936     6   172   696     2     0     0     0     0     0     0     0     0     0     0     0     0     0    54     0     0     0     0     7     0     0     0     0     0     0     0     0     0     0     0     0     0     0     1     0     0     0
   60:     0     0    20     0     0     0     0     0     0     0     0     0    53     2     0     0     2     1     0     0     0     0     0     0     0     0     0     0     0     0     0     0     0     4     0     0   138     1    33     0     0     0     2     0     0    13     0     0     0     0     0     0     0     0     0     0     0    61   357     0 13997     0     0     0     0     4     0     0     0     0     0     0     0     0   383     0     0     0     0     0     0     0     0     0     0     0     0     0     0     0     0     0     0     0     0     0     0     0     0     0     0
   61:     2     0     0     0     0     0     0     0     0     0     0     0     5     4     1     0     0     5     0     2     0   236     0     0     0     0     0     0     0     0     0     0     0     0     0     0     0     0    25     0     0     0    10     0     0     0     0     0     0    17     0     0     0     0     0     0     0     0     0    16     0 11212     0    16     0     0    18     0     0     0     0     0     0     0     0     0     5   210     0     0     0     0     0     0     0     2     0     0     0     0     0     0     0    74     0     0     0     0     0   118   102
   62:     0     0     0     0     0     0     0     0     0     0     0     0     0     0     0     0     0     0     0     0     0     0     0     0     0     0     0     0     0     0     0     0     0     0     0     0     0     0     0     0     0     0     0     0     0     0     0     0     0     0     0     0     0     0     0     0     0     0  1052     0   290   376  8666     0     0     0     0     0     0     0     0     0     0     0     0     0     0     0     0     0     0     0     0     0     0     0     0     0     0     0     0     0     0     0     0     0     0     0     0     0     0
   63:     0     0     0     0     0     0     0     0     0     0     0     0     0     0     0     0     0     0     0     0     0   167     0     0     0     0     0     0     0     0     0     0     0     0     0     0     0     0     0     0     0     0     0     0     0     0     0     0     0     0     0     0     0     0     0     0     0     0     0     0     0   133     0  5842     0     0    19     0     0     0     0     0     0     0     0     0     0     0     0     0     0     0     0     0     0     0     0     0     0     0     0     0     0     0     0     0     0     0     0     0     0
   64:     0     0     0     0     0     0     0     0     0     0     0     0     0     0     0     0     0     0     0     0     0     0     0     0     0     0     0     0     0     0     0     0     0    27     0     0     0     0     0     0     0     0     0     0     0     0     0     0    26     0     0     0     0     0     0     0     0     0  1004     0    71    59     0     5 12057     0   278     0     0     0     0     0     1     0     0     0     0     0     0     0     0     0     0     0     0     0     0     0     0     0     0     0     0     0     0     0     0     0     0     0     0
   65:     0     0     0     0   270     0     0     0     0     0     0     0     0     0     0     0     0     0     0     0     0     0     0     0     0     1     0     0     0     0     0     0     0     0     0     0     0     0     0     0     0     0     0     0     0     0     0     0     0     0     0     0     0     0     0     0     0     0    99     0     1   442     0     0     0  7531    19     1     0     0     0     0     0     0     0     0     0     0     0     0     0     0     0     0     0    29     0     0     0     0     0     0     0     0     0     0     0     0     0     0     0
   66:     0     0    60     0     0    13     0     0     0     0     0     0     0     0     0     0     0     0     0     0     0     0     0     0     0     0    46     0     0     0     0     0     0     4     0     0     0     0     9     0     0     0     0     0     0    35     0     0     0     0     0     0     0     0     0    15     0     0    68     0     0   246    38   566     0    60  3918     0     0     2     0     0     0     0     0     0     0     5     0     4     0     0     5     0     0     0     0     0     0     0     0     0     0     0     0     0     0     0     0     2     0
   67:     0     0     3     0    41    18     7    47     0     1    54     0     0     0     0     0    12     0     0     0    16    88     0     3     0   118     1     0     4     9   406     0    51     0     0    17     0     5     5   385    19    32     4     0   375     0     6     0     0     0    76     1   203     0     0     2    15    12     0     4     7     0     0     4     0     1     0  5121     1    28    18     0     1     0    26    35     0     0    73     1    21     0    15    49     1   126     0     0    67     1     2     7    10    56     0     0     5    16     0    17     0
   68:     0     0     0     0  1254     0     0     0     0     0     0     0     0     0   245     0     0     8     0     0    58     0     0     0     0     0     3     0     0    45     0     0     0     0     0     0    34   120     0     0     0     0     0     0     0     0     0     0     0     0     0     0     0    11     9     0  1975     0    65    21     0     0     0     0     0     1     1     0  6383     0     0     0     0     0   203     0     0     0     0     0     0     0     0     0     0  1396     9     0     0     0     0     0     0     0     0     0     0     0     0     0     0
   69:     0     0     0     0     0     0     0    51     0     0     5     0    33     0     0     0     0    84     0     0     0     0     0     0     0    24     0     0     0     0     0     0    40     0     0     5     0     0     0     0     0     0     0     0    34    35    65     0     0     0     0     0     0     0     0     2     0     0     0     0     1     0     0     0     0     0     0   297     0  1539     0     0     0     0   842     0     0     0     0     0     0     0     0     0     0   411     0     0   415     0     0     0     0    13     0     0     0     0     0     0    26
   70:     0     0     0     0     0     0     0     0     0    16     1     0     0     0     0     2   125   112     0     0   103     0     0     0     0     0     0     0     0     0     0     0     0     0     0     0     0     0    10     2     0     2     0     0     0     0     5     0     0     0     0     0     0     0     4     1     4    27     0     0     0     0     0     0     0     0     1     0     0     0  8623     2     0     0    12     0    18     0     0     0     0     0     0     0     0     0     0     0     0     0     0     0     0     0     0     0     0     0     0     5     0
   71:     0     0     0   129     0     0     0     0     0   147     0     0     0     0   412     0   522     0     0     0    16     0     1     0     9     0     0     0     0    38     0     0     0     5     0     0    22     0     0     1     0     0     0     0     0     0     0     0     0     0     0    20     0     0    32     0     0     0     0     0     0     0     0     0     0     0     0     0     0     0     0  1261     0     0     0     0     0     0     0     0     0     0     0     0     0     0     0     0     0     3     2     0     0     0     6     0     0     0     0     0     0
   72:     0     0     0     0     0     0     0     0     0     0     0     0     0     0     0     0     0     0     0     0     0    99     0     0     0     0     1     0     0     0     0     0     0     0     0     0     0     0     0     0     0     0     0     3     0     0     0     0   233     0     0     0     0     0     0     0     0     0     0     0     0     0     0     0     0     0     0     0     0     0     0     0  4878     0     0     1     0     0     0     0    33     2     0     0     0     0     0   185     0     0     0     0     0     0     0     0     0     0     0     0     0
   73:     0     0     0    69     0     0     0     0     0     0     0     0     6     9     0     0     0     0     0     2     0    86     2   875     3     0     0     0     0     0     0     0     0     1     0     0     0     0     0     0     0     0     0     0     0     0     0     0     0     0     0     6     0    13   100     1     0     0     4     0     0     0     0     0     0     6     2   227    15     2     0     0     0 15074    36     0     0     0     0     3     0     0     0     0     0   300     0     0    85     0     0     0     0     0     0     0     0     2     0     0     0
   74:     0     0     0     2   316     0     0     0     1    73     2     0     0     0    80     0     0     2     0     0   276     0     2   118     0    13     0     0     0    10     0     0     0     0     0    66   286   108     0    26     0     0    41    56     0    11    27    16     0     0     0    21     0     0    29    21   185   194     0     0    20     5     0     0     3     2     0   115     0   412     0    12     0     3  2353     0     0     0     0     3    50     0    23     1     0    93     0     0     9     0     2     0    26    20     0     2   468     0     8    69    12
   75:     0     0     0     0    38     0     0     0     0     0     0     0     0     0     0     0     0     0    22     0     0     0     0     0     0    95     0     0     0   167     0     4     0     0     0     0     0     0     0   927    49     1     0     0     0     0     0     0     0     0     2     0    42     0     0     0     0     0     0     0     0     0     0     0     0     0     0     0     0     0     0     0     0     0     0 10497     0     0     0     0     0   384     0     0     0     0     0     0     0     0     0     0     0     6     0     0    10     0     0     2     0
   76:     0     0     2     2   593     0     0     0     0     0     0     0     0     0    13   149    30     0     0     0     1     0     0     0     0     0     0     0     0   420     0     0     0     0     0     0     0     0    21    50     0     2    79   607     0     8    40  1276     0     0     0    17     0     0   549     0     0   139     0     0     0     0    13     0     1     0     0     0   131     0     0     0     0     0     1     0  4613     0     0     3     2     0     0     0     0     0    12     0     2     1   679     0     0     0     0     0     0     0     0    30    57
   77:  1019   307     0     0     0     0     0     0     0     0     0     0    20     2     0     0    65   210     0  1034     0     0     0     0     0     0     0     0     0     0     0     0     0   163     0     0     0     0  1983     0     0     0     0     0     0    17     0     0     0    80     0     0     0     0     1     0     0     0    40     2     0    25     0     0     0     0     0     0     0    29     0     0     0     0     0     0     0  5289     0     0     0     0     0     0     0     0     0     0     0     0     0     0     0     0     0     0     0     0     0     0     0
   78:     0     0     0     0    14     0   257   255     0     0     0     0     0     0     2     0     0     0     0     0     0     0    16     0     0     0     0     0     0     0    28     0   185     0     0    61     0     0     0   101     0     0     0     0     0     0     0     0     0     0   655    64     0     0     0     0     0     0     0     0     0     0     0     0     0     0     0     0     0     0     0     0     0     0     0     0     0     0  1976     0     0     0     0     0   250     0     0     0     0     0    10     2   187     0     0     0     0     0     0     0     0
   79:     0     0     0     0     0     0     0    68     0     0   107     0     0     0    83     0     9     0    86     0     1   141     2     0     0     1     0     0    28     0     0    10     0     0     0     0     0    58     0    49     0     0     7     0     0     0     0     0     0     0    80   354     0     0     0     0     9     2     0     0    22     0     0     0     0     0     0     3     0    61     0     1     6     2     0     0     8     0    43  3053   150    19     0    76     0     0     0    95     6     0     2     0     2    18     0   142     5    23     0     0     0
   80:     0     0     0     0    41     0     0     0     0     0     0     0     0     0     0   220     0     0     7     0     2   191    19     3     0     1     0    51     0    81    29    10     0     0     0    26     0   659     0     0     8     3     0    23     0     0     5    70   674     0     9     2    12     0    47     0     0     4     0     0     0     0     0     0     0     0     0     0     0     0     0     2     1     0    12     4   175     0     4   215  5670   237     3    34     6   139     0    66     0   121     0     0     3     0     0    13    75     0     0     0     0
   81:     0     0     0     0     0     0     0     0     0     0     0     0     0     0     0     0     0     0     0     0     0     0     0     0     0     1     0     0     0     0     0     0     0     0     0     0     0     0     0     0     0     0     0     0     0     0     0     0    35     0     0     0     0     0     0     0     0     0     0     0     0     0     0     0     0     0     0     0     0     0     0     0    38     0     0    85     0     0     0     0     9  6223     0     0     0     0     0   483     0     0     0     0     0     0     0     0     0     0     0     0     0
   82:     0     0     0     0     0     0     0     0     0     0     1     0     0     0    15     0     0     0     0     0     0   127     0     2     0     0     0     0     0     0     0     0     0     0     0     1     0     6     0     2     0    30     0     0     0     0     0     0     0     0     0     0     0     0     0     0     0     0     0     0     0     0     0     0     0     0     0     1     0     0     0     0    54     5     0     0     0     0     0     1   124     5  4294     0     0     0     0    27     0     0     0     0     0     0     0     0     0     0     0     0     0
   83:     0     0   167     4     0     0   179   262     0     0     0     0     0     0  2330     0     0     0     0     0    10     0     0     4     0     0     0     0     0     0     3     0   108     0     0     0    11   587     0     0     0    83     0     0     0     0     0    92     0     0     0   290     0     0     0     0     0   317     0     0     0     0     0     0     0     0     0     0     2     0     0    68     0     0     0     0    12     0  1510    96     1     0     0  4119     0     0    49     0     2     0     1   916  1241     0     0     0     0     3     0     0     0
   84:     0     0     0     0     0     0     0     0     0     0     0     0     0     0     0     0     0     0     0     0     0     0     0     0     0     0     0     0     0     0     0     0     0     0     0     0     0     0     0     0     0     0     0     0     0     0     0     0     0     0     0     0     0     0     0     0     0     0     0     0     0     0     0     0     0     0     0     0     0     0     0     0     0     0     0     0     0     0     0     0     0     0     0     0  3843     0     0     0     0     0     0     0     0     0     0     0     0     0     0     0     0
   85:     0     0     0     0   360     0     0     0     0     0     0     0     0     0     0     0     5     0     0     0     0     0     0     0     0     0     0    25     5    64     0     0     0     0     0     0     0     3     0     5     0     0     0     0     0     0     0     0     0     0    11     0     0     0     0     0   212     5     0     0     0     0     0     0     0     0     0    71     0    22     5     0     0     0     1     0     0     0    12     0     0     0     0     0     0  3564     0     0     0     0     0     0     2     0     0   448     0     0     0     0     0
   86:     0     0     0     0     0     0     0     0     0     0     0     0     0     0     0     0     0     2     8     0     0     0     0     0     0     0     0     0     0     0     0     0     0     0     0     0     0     0     2     0     0     0     0   152     0     0     0     0     0     7     0     0     0     0     0     0     0     0     0     0     0     0     0     0     0     1     0     0     4     0     4     3     0     0     0     0     0     0     1     3     0     0     0     0     0     3  6325     0     0     0     0     0   209     0     0     0     0     0     0     0     0
   87:     0     0     0     0     0     0     0     0     0     0     0     0     0     0    18     0     0     0     0     0     0   123     0     0     0     0     0     0     0     1     0     0     0     0     0     0     0     0     0     0     0     2     0     0     0     0     0     0     5     0     0     0     0     0     0     0     0     0     0     0     0     0     0     0     0     0     0     0     0     0     0     9    26     0     0    53     0     0    28    48    43    96     4     0     0     0     0  5778     0     0     1     0     0     0     0     0     0     0     0     0     0
   88:     0     0     3     0     0     0     0    21     0     0   208     0     0     0     0     0     0     0     0     0     0     7     0     0     0    65     0     0     0     0    74     0    48     0     0     4     0     0     0     0     0    46     0     0     0     0     0     8     0     0   276    96     3     0     0     0     0     0     0     0     0     0     0     0     0     0     0     0     2     0     0     4     0     0     3     0     0     0     0     0     0     0     0   206     0    22     0     0  4591     0     0     0     0   697     0     0    64   598     0     0     0
   89:     0     0     0     0     0     0     0   266     0     0     0     0     0     0   349     0     0     0     0     0   151     0     0     0     0     0     0     0     0     0     0     0     0     0     0     0     0     0     0     0     0     0     0     0     0     0     0     0     0     0     0     0     0     0     0     0     5     0     0     0     0     0     0     1     0     0     0     0     0     0     0     1     0     0     0     0     0     0     0     0     0     0     0     0     0     0     0     0     0  5098     0     0     0     0     0     0     0     0     0     3     0
   90:     0     0     0     0     0     0     0     0     0     0     0     0     0     0     0     0     0     0     0     0     0     0     0     0     0     0     0     0     0     0     0     0    26     0     0     0     0     0     0     0     0     0     0    17     0    55     0   165     0     0     0     0     0     0   347    55     0     0     0     0     4     0     0     0     0     0     0     0     0     0     0    21     0     0     0     0     8     0     0     0     0     0     0     1     0     0     0     0     0    80  3330   502    62     0     0     0     0    34     0     0     0
   91:     0     0     0     0     0     0     0     0     0     0     1     0     0     0     0     0     0     0     0     0     0     0     0   273     0     0     0     0   298   125    29     0   108     0     0   763     0     0     0     0     0   276     0     0     3     0     0     0     0     0     0     0     0     0     0    35     0     0     0     0     0     0     0     0     0     0     0     9     0     0     0     0     0     0     0     0     0     0     0     1   116     0     0   446     0    18     0    90   406     0     1  3149    32    84     0     0     0     0     0     0     0
   92:     0     0     0     0    51     0     5     0     0     0     0     0     0     0     1     0     0     0     0     0     0    26     0    65     0     0     0     0     0     0     0     0    32     0     3   464     0     0     0     0     0    16     2     0    54     0     0    10     0     0    12     0     0     0     0     7     0     0     0     0     0     0     0     0     0     0     0    10     0     0     0     0     0     0     0     0     1     0    23     0     0     0    28     2     0    13     0     0     0     0    11    86  2553   284     0     0     0     0     0     1     2
   93:     0     0     0     0     0     0     0     0     0     0     0     0     0     0     0     0     0     0     0     0     0     9     0     0     0     0     0     0     0     0     0     0     0     0     0     0     0     0     0    27   176   268     0     0     0     0     0     0     0     0     0     0     0     0     0     0     0     0     0     0     0     0     0     0     0     0     0     0     0     0     0     0     0     0    44     0     0     0     0     2    52    14    91     5     0     0     0     0     0     0     0     0    26  6578     0     0    26    31     0     0     0
   94:     0     0     0     0     0     0     0     0     0     0     0     0     0     0     0     0     0     0     0     0     0     0     0     0     0     0     0     0     0     0     0     0     0     0     0     0     0     0   684     0     0     0     0     0     0     0     0     0     0     0     0     0     0     0     0     0     0     6     0     0     0     0     0     0     0     0     0     0     0     0     0     0     0     0     0     0     0     0     0     0     0     0     0     0     0     0     0     0     0     0     0     0     0     0  7458     0     0     0     0     1     0
   95:     0     0     0     0    93     0     0     0     0     1     1     0     0     0     0     0     0    56     0     0     0     0     0     0     0     4     8     0     0     0     0     0     0     0     0     0     0     0     0     0     0     0     0     0     0     7     1     0     0     0     0     0     0     0     0     0   638     0     0     0     0     0     0     0     0     0     0     0     0     0    15     0     1     0     0     0     0     0     0     0     0     0     0     0     0    86    40     0     0     0     0     0     0     0     0  2794     2     0     0     0     0
   96:     0     0     0     0     0     0     0     0     0     0     0     0     0     0     0     0     0     0     0     0     0     0     0     0     0     0     0     0     0     0     0     0     0     0     0     0     0     0     0     0     0     0     0     0     0     0     0     0     0     0    93     0     0     0     0     0   104     0     0     0     0     0     0     0     0     0     0   190     0     0     0     0     0     0     0     0     0     0     1     0     0     0     0     0     0     0     0     0     0     0     0     0     0     0     0     0  2837     0     0     0     0
   97:     0     0    18     0     0     0     8     0     0     0   260     0     6     0     0     0     1     2     0     0     0    18     3     3     0     0     0     0     0     0    18     0   106    33    23     0     7    28     0   373     0   295    16    34     0     0    46     7    86     0    10     0    38     0    61    39     0     8     0     0     0     0     0     4     0     0     0     0     0     0     0     1    66     3    93     0     3     0     0    97  1585     0     2   171     0     0     0     0   100     0    85     0     0    69     0     0    42  3776     0    72     4
   98:     0     0     0     0     0     0     0     0     0     0     0     0     3     0     0     0    12     0     0     0     0     0     0     0     0     0     0     0     0     0     0     0     0     0     0    52     3     0     0     0     0     0     0     0     0   345     0     0     0     0     0     0     0     0     0     0     0     0     0     0     0     0     0     0     0     0     0     0     0   155     0     0     0     0     0     0   535     0     0     0     0     0     9     0     0     0     0     0     0     0     0     0   417     0     0     0     0     0  1315   216   609
   99:     0     0     8     0     0     0     0     0     0     0     0     0     0     0     0     0     4     0     0     0     0     0     0     0     0     0     0     0     0     0     0     0     0     0     0     0     0     0     0     0     0     0    28     0     0     8     0     0     0     6     0     0     0     0     3     0     0     0     0   131     0     9     0     0     0     0     0     0     0   243     0     0     0     4     4     0     0     0     0     0     0     0     0     0     0     0     0     0     0     0     0     0     0     0     0     0     0     0    41  5683    49
  100:     2     0   620   268   130     0     0     0     0     0     0     0    17    50    28    43    10    31     0     4   115   168     0     2     9     0     0     0     0    10     0     0    44    83    29    94     1     0     2     0     0     0   173     0     0   920    15     0     0     0     0     4     0     2   206   176    81    45    25   128    45   246     0     7     0    14    19     0     0    16    49    28     0     8   240     0     4     7     1     0     0     0     4     0     0     5     0     0   225     0    91     0     0     0     4     0     0     0    35   198  1727
------------------------------------------------------------------------------------------------------------------------------------------------------------------------------------------------------------------------------------------------------------------------------------------------------------------------------------------------------------------------------------------------------------------------------------------------------------------------------------------------------------------------------------------------------------------------------------------------------------------------------------
              precision    recall  f1-score   support

           0   0.606571  0.497470  0.546630      7311
           1   0.523740  0.804757  0.634526      6223
           2   0.515670  0.414459  0.459557      6114
           3   0.689859  0.795411  0.738884      6320
           4   0.397985  0.848730  0.541875      3583
           5   0.740534  0.873904  0.801710      7296
           6   0.719829  0.838871  0.774804      4003
           7   0.483673  0.521030  0.501657      3923
           8   0.832420  0.996251  0.906997      2134
           9   0.834947  0.925118  0.877722      5315
          10   0.879356  0.738989  0.803086      8946
          11   0.999607  1.000000  0.999803     12714
          12   0.664026  0.320696  0.432509      5750
          13   0.647772  0.928452  0.763122      2991
          14   0.109150  0.272727  0.155904      3696
          15   0.881489  0.944038  0.911692      5468
          16   0.616523  0.405556  0.489267      9863
          17   0.638142  0.625449  0.631732      8346
          18   0.475679  0.851707  0.610432      5098
          19   0.447499  0.214463  0.289962     10095
          20   0.569072  0.692380  0.624699      6378
          21   0.532839  0.718096  0.611750      3299
          22   0.621785  0.517111  0.564638      3974
          23   0.398154  0.405982  0.402030      4781
          24   0.757596  0.986024  0.856847      5867
          25   0.890209  0.985830  0.935583      7904
          26   0.969477  0.831787  0.895369     12181
          27   0.950320  0.725116  0.822583      4511
          28   0.669069  0.561265  0.610444      4301
          29   0.674992  0.735353  0.703881      5513
          30   0.475940  0.837454  0.606943      3236
          31   0.802222  0.302514  0.439351      7160
          32   0.550750  0.682783  0.609700      6453
          33   0.409461  0.643553  0.500487      3591
          34   0.411212  0.372905  0.391123      3521
          35   0.717200  0.546520  0.620334      8362
          36   0.458773  0.653231  0.539000      3126
          37   0.049502  0.028169  0.035906      5112
          38   0.575598  0.821874  0.677036      9454
          39   0.270606  0.237060  0.252724      4598
          40   0.954511  0.942083  0.948256      6682
          41   0.738795  0.980667  0.842719      8690
          42   0.622174  0.488825  0.547497      3490
          43   0.880214  0.963523  0.919987     11432
          44   0.488138  0.434355  0.459679      3458
          45   0.722773  0.766369  0.743933     10080
          46   0.518101  0.440794  0.476331      2922
          47   0.052501  0.008014  0.013906     15847
          48   0.807890  0.794145  0.800958      6524
          49   0.940226  0.791934  0.859732      7786
          50   0.484333  0.544342  0.512587      4657
          51   0.702409  0.426448  0.530698      8341
          52   0.832909  0.755578  0.792361      3899
          53   0.958286  0.610742  0.746023      5567
          54   0.524103  0.620076  0.568065      6575
          55   0.421395  0.084841  0.141244      8404
          56   0.485552  0.865561  0.622116      5125
          57   0.222248  0.262353  0.240641      3663
          58   0.658702  0.771863  0.710807      8679
          59   0.880617  0.851998  0.866071     11662
          60   0.783356  0.928737  0.849874     15071
          61   0.801430  0.928146  0.860146     12080
          62   0.916649  0.834553  0.873677     10384
          63   0.758800  0.948223  0.843001      6161
          64   0.997518  0.891263  0.941402     13528
          65   0.921674  0.897295  0.909321      8393
          66   0.855272  0.768838  0.809755      5096
          67   0.796547  0.660859  0.722387      7749
          68   0.928571  0.539059  0.682127     11841
          69   0.458036  0.392402  0.422686      3922
          70   0.949147  0.950193  0.949670      9075
          71   0.656087  0.480198  0.554529      2626
          72   0.836563  0.897516  0.865968      5435
          73   0.983878  0.890425  0.934822     16929
          74   0.415357  0.413315  0.414334      5693
          75   0.937651  0.857178  0.895610     12246
          76   0.489287  0.483391  0.486321      9543
          77   0.435380  0.514194  0.471516     10286
          78   0.325858  0.486340  0.390244      4063
          79   0.536555  0.631829  0.580308      4832
          80   0.667845  0.631614  0.649224      8977
          81   0.863586  0.905295  0.883949      6874
          82   0.818997  0.914590  0.864158      4695
          83   0.612582  0.330392  0.429264     12467
          84   0.772307  1.000000  0.871527      3843
          85   0.466187  0.739419  0.571841      4820
          86   0.814762  0.940660  0.873197      6724
          87   0.815756  0.926704  0.867698      6235
          88   0.663631  0.651575  0.657548      7046
          89   0.853222  0.867892  0.860495      5874
          90   0.520638  0.707457  0.599838      4707
          91   0.393477  0.502794  0.441469      6263
          92   0.266688  0.678628  0.382902      3762
          93   0.691838  0.895088  0.780447      7349
          94   0.879585  0.915204  0.897041      8149
          95   0.713848  0.745663  0.729409      3747
          96   0.654743  0.879690  0.750728      3225
          97   0.807010  0.489119  0.609081      7720
          98   0.326384  0.358213  0.341558      3671
          99   0.842175  0.913519  0.876398      6221
         100   0.516911  0.265366  0.350696      6508

    accuracy                       0.685361    685824
   macro avg   0.654464  0.674856  0.650120    685824
weighted avg   0.690361  0.685361  0.673987    685824
-----------------------------------------------------
Accuracy Macro Average: 0.674856
