Average: 0.685361
Micro Average: 0.685361
Macro Average: 0.650120
Confusion Matrix:
           0        1        2        3        4        5        6        7        8        9       10       11       12       13       14       15       16       17       18       19       20       21       22       23       24       25       26       27       28       29       30       31       32       33       34       35       36       37       38       39       40       41       42       43       44       45       46       47       48       49       50       51       52       53       54       55       56       57       58       59       60       61       62       63       64       65       66       67       68       69       70       71       72       73       74       75       76       77       78       79       80       81       82       83       84       85       86       87       88       89       90       91       92       93       94       95       96       97       98       99      100
 0:     3637     3127        0        0        0        0        0        0        0        0        0        0        3      160        0        0        0        0        0        2        0        0        0        0        0        0        0        0        0        0        0        0        0        5        0        0        0        0        0        0        0        0        0        0        0        0        0        0        0        0        0        0        0        0        0        0        0        0        0        0        0      363        0        0        0        0        0        0        0        0        0        0        0        0        0        0        0       14        0        0        0        0        0        0        0        0        0        0        0        0        0        0        0        0        0        0        0        0        0        0        0 
 1:      124     5008        0        0        0        0        0        0        0        0        0        0        0        0        0        0        0        0        0      516        0        0        0        0        0        0        0        0        0        0        0        0        0       24        0        0        0        0      229        0        0        0        0        0        0        0        0        0        0        0        0        0        0        0        0        0        0        0        3        0        0        0        0        0        0        0        0        0        0        0        0        0        0        0        0        0        0      319        0        0        0        0        0        0        0        0        0        0        0        0        0        0        0        0        0        0        0        0        0        0        0 
 2:        0        0     2534        0        0        0        0        0        0        0        0        0        0        0      262        0       13      259        0        0        0       83        0       19        0       98        1        0        3        0        0        1      145       13        0        0        0        0        9        2        0      423        3        4        2       21        5        0        8        2        4        9        0        0        0        0      260        4        2        0       27        1        0        0        0        3        0        1        0      464        0        0        0        0       93        8      222        0      234        0      166        0       26        2        0        0        1        0        0       21        3       56      362        5        0        0        5        2      191        0       32 
 3:        1       48       57     5027        0        0        0        0        0        0        0        0        0       15        0        0        0        1        0       51        0        0        0        0      777        0        0        0        0        0        0        0        0        5        3        0        0        4        1        0        2        0        0        0        0        0        0        0        0        9        0        0        0        0       95        0        0        0        0        2        0        0        0        0        0        2        0        0        0        0        0       26       69       42        0        0        0        6        0        0        0        0        0        0        0        0       77        0        0        0        0        0        0        0        0        0        0        0        0        0        0 
 4:        0        0        0        0     3041        3        0        0       32        0        0        0        0        0        0        2        0        0        0        0       93        0        0        0        0        0        0        0        0       69        0        0        0        0        0        0        0        0        0        0        0        0        0        0        0        0        0        0        0        0       16        0        0        0        0        0       47        0        0        0        0        0        0        0        0        0        0        0        0        0        0        0        0        0        0        0        0        0       21        0        0        0        0        0        0        0      109        0        0        0        0        0        0        0        0      150        0        0        0        0        0 
 5:        1        0        0        0        0     6376        0        0      237       24        0        0        0        0        0        6        0        0        0        0        0        2        0        0        0        0        5        0        0        1       54        0        0        0        0        0        0      191        4        0        2        1       10        0       10        0        0        0        0        3        0        0       64        0        0        0        0        3        0        0        0        1        0        0        0        0       34        0        0        0       13        0        2        0        0        0      179        0        3       10        0        0        0        0        0        0       57        0        3        0        0        0        0        0        0        0        0        0        0        0        0 
 6:        0        0      223        0        0        0     3358       64        0        0        0        0        0        0       63        0        0        0        0        0        0        0        0        0        0        0        0        0        0        0        0        0      137        0        0        0        0        0        0       32        8        8        0        0        0        0        0        0        0        0        4        0        0        0        0        0        0        0        0        0        0        0        0        0        0        0        0        0        0        0        0        0        0        0        0        0        0        0       46        0        0        0        0       55        2        0        0        0        0        0        0        3        0        0        0        0        0        0        0        0        0 
 7:        0        0        0        0        1        0        0     2044        0        0        1        0        0        0        1        0        0        0        0        0        0        1        0        6        0       63        0        0       29        0        0        0        0        0        0        0        0        0        0        0        0       16        0        0      190        0        0        0        0        0        0        0        0        0        0       12        0        0        0        0        0        0        0        0        0        0        0        3        0       30        0        0        0        0        0        0        0        0        6       29        0        0        0      167        0        8        0        0        0        0        0      776       11        6        0        4      518        0        0        1        0 
 8:        0        0        0        0        0        0        0        0     2126        0        0        0        0        0        0        0        0        0        0        0        0        0        0        0        0        0        0        0        0        0        0        0        0        0        0        0        0        0        0        7        0        0        0        0        0        0        0        0        0        0        0        0        0        0        0        0        0        0        0        0        0        0        0        0        0        0        0        0        0        0        0        0        0        0        0        0        0        0        0        0        0        0        0        0        0        0        0        0        1        0        0        0        0        0        0        0        0        0        0        0        0 
 9:        0        0        0        0        0        0        0        0        7     4917        0        0        0        0        0        0        0        0        0        0      261        0        0        0        0        0        0        0        0        0        0        0        0        0        0        0        0        0        0        0        0        0        0        0        0        0        0        0        0        0        0      130        0        0        0        0        0        0        0        0        0        0        0        0        0        0        0        0        0        0        0        0        0        0        0        0        0        0        0        0        0        0        0        0        0        0        0        0        0        0        0        0        0        0        0        0        0        0        0        0        0 
10:        0        0       49        0        3        0        0        9       49        0     6611        0        0        0        0        0        0        0        0        0        0        0        0        0        0        1        0        0        0        0        0        0       47        0        8        3        0        0        0        0        0      248       22        0        6        0        0        0        3        0       25        0        0        0        0        0        0       11        0        0        5        0        0        0        0        0        0        0        0        0        0        0        1        0        0        4        0        0       13     1244        0        1        0       77        0        0        0        0       75        0        0      208       60      116        0        0        8       39        0        0        0 
11:        0        0        0        0        0        0        0        0        0        0        0    12714        0        0        0        0        0        0        0        0        0        0        0        0        0        0        0        0        0        0        0        0        0        0        0        0        0        0        0        0        0        0        0        0        0        0        0        0        0        0        0        0        0        0        0        0        0        0        0        0        0        0        0        0        0        0        0        0        0        0        0        0        0        0        0        0        0        0        0        0        0        0        0        0        0        0        0        0        0        0        0        0        0        0        0        0        0        0        0        0        0 
12:      111       56       22        0        0        0        0        0        0        0        0        0     1844       22        0        1        9        2        0      499       37        0        0        0        0        0        3        0        0        0        0        0        0     2287       37        0        0        0      350        0        0        0       80      117        0        1        4        0        0        0        0        0        0        0       16        0        0       21        0       81        0       77        1        0        0        4       15        0        0        1        0        0        0       49        0        0        0        3        0        0        0        0        0        0        0        0        0        0        0        0        0        0        0        0        0        0        0        0        0        0        0 
13:        0        0        0        0        0        0        0        0        0        0        0        0        0     2777        0        0        0        0        0        1        0        8        0        0        0        0        2        0        0        0        0        0        0        0        0        0        0        0      121        0        0        0        0        0        0        3        0        0        0        0        0        0        0        0        0        0        0        0        0        0        0        0        0        0        0        3        0        0        0        0        0        0        0        0        0        0        0       50        0        0        0        0        0        0        0        0       23        0        0        0        0        0        0        0        0        3        0        0        0        0        0 
14:        0        0       52        0        0        0        0        0        0      224       25        0        0        0     1008        0       26       15        0        0        0        0        0        0        0        0        0        0        0        0        0        0        0        0        0        0      310        0       89        7        0        0        0        0        0      313      117      158        0        0        0      175        0        0      136      117        0       46        0        1        1       10        0        0        0        0       54        0        0       25       38        0        0        0        2        0        3        0        0        0        0        0        0        0        0      322        6        0        0       41       22        0        0        0        0        0        0        0      352        0        1 
15:        0        0        0        1      116        0        0        0       19        0        0        0        0        0       13     5162        0        0       19        0       33        0        0        0        0        0        0        0        0        0        0        0        0        0        0        0        0        0        0        0        0        0        0        3        0        0        0        0        0        0        3        0        0        0        0        0        0        0        0        0        0        0        0        0        0        0        0        0        0        0        0        1        0        0        0        0       49        0       35        0        0        0        0        0        0        0        5        0        0        0        9        0        0        0        0        0        0        0        0        0        0 
16:        0        0        1        0        0        0        0        2        0       27        0        0        0        0        7        0     4000     1656        0        0     1191        2        0        0        0        1        0        0        0        0        0        0        0       57        0        0        0        0      305        0        0        0        0        0        1        0        0        3        0        0        0       31        0        0        0        0        0        0        0        0        1        0        4        0        0        2        0        0        0        0       23        0        0        0      582        0        0        1        0        0        0        0        0        0        0       22        0        0        0        0        0        0        0        0        0        0        0        0     1922        0       22 
17:        0        0        1        7        0        0        0        0        0        9        0        0      141       14        0        4      224     5220        0       98        0        0        0        0        0        0        0        0        0        0        0        0        0       50     1381        0        0        0      366        0        0        0        0        0        0        3        0        0        0       69        0        0        0        0        2        0        0        1        1       80        0        0        0        0        0        0       58        0        0      167        3        0        0        5      109        0        2      256        0        0        0        0        0        0        0        0        0        0        0        0        0        0        0        0        0        0        0        0        0       75        0 
18:        0        0        0        0        0        0        0        0        0        0        0        0        0        0        0        0        0        0     4342        0        0       62        0        0        0      120        0        0        0        0        0      450        0        0        0        0        0        0        0        0        0        0        0        0        0        0        0        0        0        0        0        0        0        0        0        0        0        0        0        0        0        0        0        0        0        0        0        0        0        0        0        0        0        0        0       49        0        0        0        0        0       27        0        0        0        0        0       48        0        0        0        0        0        0        0        0        0        0        0        0        0 
19:     1046     1016        0        0        0        0        0        0        0        0        0        0        0      164        0        0        1        2        0     2165        0        0        0        0        0        0        0        0        0        0        0        0        0       59        0        0        0        0        0        0        0        0        0        0        0        0        0        0        0       56        0        0        0        0        0        0        0        0        0      198        0       27        0        0        0        0        0        0        0       18        0        0        0        0        0        0        0     5343        0        0        0        0        0        0        0        0        0        0        0        0        0        0        0        0        0        0        0        0        0        0        0 
20:        0        0        0        0      225        0        0        0        0        0        0        5        0        0        2        0       45        0        0        0     4416        0        0        0        0        0        0        8        0       63        0        0      632        0        0        0       10        0        0       30        0        0        0        6       14        0        0       47        0        0      266        0        0        0        0        0       48       20        0        0        0        0        0        0        0        0        0        0        0        0        0        0        0        0        0        0        1        0        0        0        0        0        0        0        0      516       10        0        0        0        0        0        0        0        0       13        0        0        0        1        0 
21:        0        0        0        0        2        9        0      104        0        0        0        0        0        0        1        0        0        0        3        0        7     2369        0        2        0       17        2        0        0        0        6        0        0        1        0       31        0        0        0        3        3       32        1        4       35        1       24        0      111        0        0        0        1        2        0        0        0        0        0        0        0        0        0        0        0        1        0        8        1        1        0       13       25       77       77       12        0        0        0        5       48       36       68       32        0       30        0       48        0        0        0        0        0       40        0        0        0        0        0        4        2 
22:        0        0        0        0       35        0       24      203        0        0        0        0        0        0        2        0        1        0        0        0        2        0     2055      296        0        0        0       23       40       65        0        0        0        0       20        0        0      173        0        6        0        0        0       49       38        0        0        0        0        0        1        0        0        0        8      148        0        0        0        0        0        0        0        0        0        0        0        0        0        0        0        1        0        0        0        0       15        0        0      285      378        0        0       37        0        2        0        1        0        0       32       29        0        0        0        0        3        0        0        2        0 
23:        0        0        0        0        0        0      105        0        0        0        0        0        0        0        0        0        0        0        0        0        0        1      975     1941        0        0        0        0      333        0       50        0      136        0      105      172        4        0        0        0        3        0        0        0        0        0        0        0        0        0        0        0        0        0        0        0        0        0        0        0        3        0        0        0        0        0        0        0        0        0        0        0        0        0        0        0        0        0       30        0        0        0        0        4        5        0        0        0      546       11       19        0      304       33        0        0        0        0        1        0        0 
24:        0        0        0        0        0        0        0        0        0        0        0        0        0        0        0        0        0        0        0        2        0        0        0        0     5785        0        0        0        0        0        0        0        0        0        0        0        0        7        0        0        0        0        0        0        0        0        0        0        0        1        0        0        0       56        0        0        0        1        0       15        0        0        0        0        0        0        0        0        0        0        0        0        0        0        0        0        0        0        0        0        0        0        0        0        0        0        0        0        0        0        0        0        0        0        0        0        0        0        0        0        0 
25:        0        0        0        0        0        0        0        0        0        0        0        0        0        0        0        0        0        0        0        0        0        0        0        0        0     7792        0        0        0        0        0       15        0        0        0        0        0        0        0        0        0        0        0        0        0        0        0        0        0        0        0        0        0        0        0        0        0        0        0        0        0        0        0        0        0        0        0        0        0        0        0        0        0        0        0       40        0        0        0        0        0       57        0        0        0        0        0        0        0        0        0        0        0        0        0        0        0        0        0        0        0 
26:        0        0        3        0        5       54        0        0        0        0        0        0        0        0        0        0        0        0        0        0        0        5        0        0        0        3    10132        0        0        0        0        0        0        2        0        0        0        0        2        4        0        0        1        0        0        2        0        0        0        0        0        0        0        0        1        0        0        0        0        0     1734        0        0       10        0        0        0        0        0        0        5        0        0       10        0        0        0        0        0        2        0        0        0        0        0       40        0        0        0        0        0        0        0       64        0       41        0        0       61        0        0 
27:        0        0        0        0       39      342      511        0        3       62        0        0        0        0        0        0        0        0        0        0        2        0        0        0        0        0        0     3271        0        0        0        0        0        0        0        0        0        0        0       10        2        3        0        0        0        0        0        0        0        0      111       15        0        0        0        0       23       11        0        0        0        0        0        0        0        0        0        0        1        0        2        0        0        0       62        0        0        0        0        0        0        0        0        0        0        8        8        0        0        0       10        4        0        0        0       11        0        0        0        0        0 
28:        0        0        0        0        0        0       46        0        0        0        0        0        0        0        0        0        0        0        0        0        0        0        0        0        0        0        0        5     2414        0     1023        0        0        0        0        0        0        0        0        0        0       38        0        6        0        0        0        0        0        0        0        0        0        0        0        0        0        0        0        0        0        0        0        0        0        0        0        0        0        0        0        0        0        0        0        0        0        0        0        0        0        0        0        1      738        0        0        0        0        0        0       24        0        0        0        6        0        0        0        0        0 
29:        0        0        0        0      583        0        0        0        1        0        0        0        0        2        1       14        0        0        0        0        0       15        0        0        5       33        0        0        0     4054        0        0        0        0        1        0        1        0        0       99        0        0        0      210       11        2        4        0        0        0       15       13        0        0        0        0      165        7        1        1        0        0        0        2        0        0        0        0       22        0       38      109        3        0        0        0        0        0        0        0        0        0        0        1        0       26        1        0        0        2        0        2        0        0        0       69        0        0        0        0        0 
30:        0        0        0        0        2       34        5        1        0        0        0        0        0        0        0        0        0        0        0        0        0        0        1      137        0        0        0        0       74        0     2710        2        0        0        0        5        0        0        0       28        3        0        0        0        3        0        0        0        0        0        4        1        0        0        0        0        0        0        0        0        0        0        0        0        0        0        0        6        0        0        0        0        8        0        0        0        0        0       70        0        1        0        0        0      113        0        0        5        0        0        5       13        0        2        0        0        0        0        0        0        3 
31:        0        0        0        0       79        0        0        0        0        0        0        0        0        0        0        0        2        0     4335        0        1        0        0        0        0      193        0        0        0       75        0     2166        0        0        0        8        0        0        0        0        0        0        0       26        0        0        0        0        0        6        0        0        0        0        0        0        0        0        0        0        0        0        0        0        0        0        0        0        0        2        8        0        0       13        0        0        0        0        0        0        0       82      148        0        0        0        0       11        0        0        0        0        0        0        5        0        0        0        0        0        0 
32:        0        0      288        0        0        0       32        5        0        0        0        0        0        0        0        0        0        0        0        0        0        0       18       91        0        0        0        0      157        0      731        0     4406        0        0        0        0       36        0        0        0        0        0        0        0        0        0        0        0        0       53        0        0        0        0        0        0        0        0        0        0        0        0        0        0        0        0        0        0        0        0        0        0        0        0        0        0        0      353        0        0        0       19      232        0        0        0        0        0        0       29        3        0        0        0        0        0        0        0        0        0 
33:        0        0        4      188        0        0        0        0        0        1        0        0      382        1        0        1        0      114        0        0        0       70        0        0        5        0        6        1        0        0        0        0        0     2311       19        0        0       52      399        0        0        0        0        0        0        0        1        0        0        5        0        0        0        0        3        0        0        7        0        3        0        0        0        0        0        0        0        0        0        0        0        1        0        0        0        0        0       11        0        0        0        0        0        0        0        0        1        0        0        0        0        0        0        0        0        0        0        0        0        5        0 
34:       53        0      145       27        0        0        0        0        0        2        0        0        3        0        0        0        0        3        0      461        0        0        0        0        0        0        0        0        0        0        0        0        0       64     1313        0       14        0      609        0        0        0        0        0        0        0        0        0        0      129        1        0        0        0      528        0        0        0        0        0        0        0        0        0        0        3        0        0        0        0        0       46        0        0        3        0        0       25        0       39        0        0        0        0        0        6        0        0       32        0        0        0        0        2        0        0        0        0        0        0       13 
35:        0        0        0        0        0        0        0        0        0        0        0        0        0        0      105        0        0        0       14        0        0        0        0        1        0        0        0        0        0        0        1        0       51        0        0     4570        0        0        0        0        0        0        0        0        0        0        0        0        0        0        0        0        0        0        0        0        0        0        0        0        0        0        0        0        0        0        0        0        0        0        0        8        0        0        0        0        0        0      251        0        0        0        0       40        0       60        0        0        0        0        0        0     3254        0        0        7        0        0        0        0        0 
36:        0        0        0      184        0        0        0        0        0       27        0        0        0       25        0        0      557        0        0        0        0        0        0        0        0        0        0        0        0        0        0        0        0        0       42        0     2042       22        0        4        0        0        0        0        0        0       18        0        0        0        0       76        0        0        0        0        0        0        0        0        0        0        0        0        0        0        0        0        0        1        0       16        0        0        0        0       58        0        0        0        0        0        0        0        0        4        0        0        0       47        0        0        0        0        0        0        0        0        3        0        0 
37:        0        0       17       96        0      102        0      216       42       20        0        0        9        0      385       28       59        1        0        0      371        0       26        0        1        0        0        0        0        2        0        4      208        0       41        0      417      144        6        0        0        7       13        0        0        0      167      277        0        2       11        5       14        0      189        0      448        0        0        0        0        0        0        0        0        8        0        0        0       23        0      243        0       15        1        0       59       51      270      257        0        0        0      144        0       15        2        0        0       36        0       85       20       35      442        0       59       19        0        0        0 
38:        0        0        0        2        0        0        0        0        0        0        0        0      115        1        0        1        0      140        0        0        0        0        0        0       13        0        0        0        0        0        0        0        0      307       88        0        0        0     7770        0        0        0        0        0        0        0        0        0        0        0        0        0        0        0        0        0        0        0        1       13        0       24        0        0        0      188        0        0        0        0        0        0        0        0        0        0        0      271        0        0        0        0        0        0        0       42      469        0        0        0        0        0        0        0        9        0        0        0        0        0        0 
39:        0        0        0        0       23        0       11        1       21        0       20        0        0        0        3       24        1        0       41        0      118        1        0        0        0       89        0        5        0      373        0        0        0        0        1       14        0        0        0     1090        4       65        2       18      670        0        0        3        0        0      488        0      163        0        0        6      443       62        0        0        0        0        0        0        0        0        0      319        0        0       76        3        0        0       12       15        8        0       38        5        4        0        3        0        0       96       49        0        6        5        0        3       44       20        0        1      122        3        0        6        0 
40:        0        0        0        0        0        3        0        0        0        0        0        0        0        0        0        0        0        0        0        0        0        0        0        0        0        0        0        0        2        0      247        0        0        0        0        0        0        0        0        0     6295       75        0        0        0        0        0        0        0        0        0        0        7        0        0        0       30        0        0        0        0        0        0        0        0        0        0        0        0        0        7        0        0        0        0        0        0        0        0        0        0        0        0        0       12        0        0        0        0        0        0        0        0        0        0        0        4        0        0        0        0 
41:        0        0        0        0        0        0        0        0        0        0        9        0        0        0        0        0        0        0        0        0        0        0        0        3        0        0        0        0       35        0       24        0       58        0        0        3        0        0        0        0        5     8522        0        0        0        0        0        0        0        0        0        0        0        0        0        0        0        0        0        0        0        0        0        0        0        0        0       15        0        0        0        0        0        0        0        0        0        0        0        0        0        0        0        0        0        0        0        0       11        0        0        0        0        4        0        0        0        1        0        0        0 
42:        0        0        0        0        0        2        0        5        0      115       36        0        0        0       57        0        0        0        0        0       10        0        0        0        0        0       10        0        0        0        0        0        0       20        0        1        0        0        6       20        0        0     1706        0       27        0        2       28        0        0        0        0        0        0        0        0        0      528        5        2       23        0        0        3        0       13        0        0        1        1        0       17        0        0        0       34      307        0        2        4        0        0        0       33        0        0        0        0       88        5        0        0       32      153        0       26        0        0        0        0      168 
43:        0        0        0        2       12        0        1        0       13        0        0        0        0        0        7        2        0        0        0        0        0      105        0        0        0        0        0        0        0       20        0       15        0        0        0        0        0       23        0        0        0        0        0    11015        1        0        3        9       50        0        0        0        8        0        0        0        0        0        0        0        0        0        0        0        0        0        0        0        3        0        0        0        1        0        0        0       29        0       18        0        6        0       11        0        0        0        9       69        0        0        0        0        0        0        0        0        0        0        0        0        0 
44:        0        0        0        0        1       10       21        0        1        0        7        0        0        2        0        6       16        0        0        0        0        5        0        6        0        0        0        0       89        5        0        0        4        0        0        0        0        0       18      659       16        0      164       85     1502        0        0        0        0        0      365        0        0        0        0        1        0        9        0        0        0        0        0        0        0        0        2       22        0        0       73        0        0        0        1        1        2        0        4        7        0        0        0        6        0        0        0        0       12       21        0       96      174       18        0        0       19        1        0        3        4 
45:        0        0       16       88        0        0        0        0        0        0        0        0       24        4        0        0      128        0        0        0        0      213        0        0        0        0        0        0        0        0        0        0      999        0        0        0        0        0        3        0        0        0        0        0        0     7725        0        0        0        0        0        0        0        0      146        9        0        0      234      182        2       63        3        0       26      137       17        0        0        0        0        0        0        0        2        0        0        3        0        0        0        0       31        0        0        0        0        0        0        0        0        0        0        0        0        0        0        0        0        1       24 
46:        0        0      219       11        0        0        0        0        0        0        0        0        0        0        0        0      428        0        0        0       61        0        0        0        0        0        0        0        0        0        0        0      120        0       13        0      231        0       30        0        0        0        0        0        0        0     1288        5        0        0        0        0        0        0        0        0        0        0        0        0        0        0        0        0        0        0        0        0        0        0        0        0        0        0        0        0        0        8        0        0        0        0        0        0        0        0        0        0       10        0      212        0        0        3        0        0        0       29        5        0      249 
47:        0        0        0       10      158      348        0      593        0        0        0        0        0       85     2502       25        0        0        0        0       79        0      185        6        0        0        0        0        0        5        0        0        0        0        0        3       77      649        0        2        0        0      228        0        0       10      551      127        0        0      108       79        0        0      851      326        0     1680        0       37     1514        0        0     1011        0        7        0        0       17        0        0        1        0        0        0        0     2344        0      169        0        0        0        0      523        0      167        8        0        0      441      904        0        0        0        0        0        0        0       17        0        0 
48:        0        0        0       16        0        0        0        0        0        0       61        0        0        0        0        0        0        0        0        0        0       14        0        0        0        0        0        0        0        0        0        3        0        0        0        0        0        2        0        0        0        0        0        0        0        0        0        0     5181        0        0        0        0        0        0        0        0        0        0        0        0        0        0        0        0        0        0        0        0        0        0        0      649        0        0      357        0        0        0        0       30       23        0        2        0        0        0      177        5        0        0        0        0        4        0        0        0        0        0        0        0 
49:        0        0        0        1        0        0        0        0        0        0        0        0        0        0        0        0        0        0        0        0        0        1        0        0      917        0        0        0        0        0        0        0        0        1        2        0        0        0        0        0        0        0        0        0        0        0        0        0        0     6166        0        0        0        0        0        0        0        0        0        0        0        0        0        0        0        0        0        0        0        0        0        0        0        7        0        0        0      170        0        0        0        0        0        0        0        0        1        0        0        0        0        0        0        0      520        0        0        0        0        0        0 
50:        0        0        0        0       43      307       21        0        2        0        0        0        0        0        1      111        4        0       47        0        0        0        0        4        0        0        0        0       77       23        2        0        0        5        6        0        0       10        2       10        0       33        0       14       97        0        0        2        0        0     2535       11        0        0        3        0        0       54        0        1        0        0        0        0        0        0        0        5        0        0        0        0        1        0        0        0        0        0      829        3        0        0        0        0        6        0      117        0        0        4        7       70       11        1        0      109       60        0        0        9        0 
51:        0        0        0      123        0       43        0        0        0      164       83        0        0        0     1144        4        2       26        0        0      278        0        0        1        0        0        0       10       15       90        0        5        2        0        4        6      101        4       24        1        0        0        8        0        0        7       38      100        0        0        0     3557       35        0       93        0        1       16        0        0        6        0        0        0        0        2        0        4        0        0        0        5        0        0       26        0        6       46        0        0        0        0        0      102        0        0       58        0       47        0        2     1969       77        0        0        0        0        0        0        0        6 
52:        0        0        0        0        0      896        0        0        0        0        0        0        0        0        0        0        0        0        0        0        0        0        0        0        0       19        0        0        0        0        0        0        0        0        0        0        0        0        0        0        0        0        0        0        0        0        0        0        0        0        0        0     2946        0        0        0        0        0        0        0        0        0        0        0        0        0        0        1        0        0        0        0        0        0        0        0        0        0        0       17        0        0        0        0        0       19        0        0        0        0        0        0        0        0        0        0        1        0        0        0        0 
53:        0        0        0       11        0        0        0        0        0        5        0        0        0      883        0        0        0        0        0        0       10        0        0        0       94        0        0        0        0        0        0        0        0        0        2        0        0        0        0        0        0        0        0        0        0        0        0        0        1        0        0        0        0     3400       39        0        0       35      446      416        0        0        8        0        0      169        0        0        0        0       10        0        0        3        0        0        1        5        0        0        0        0        0        0        0        0        0        0        0        0        0        0       29        0        0        0        0        0        0        0        0 
54:        0        0      147     1017        0        0        0        0        0        0        0        0        0        0       23        0      148        0      204        0       18        0        0        5       18        0        0       17        0        0        0       15        0        0       52        0       10        0        0        0        0        0      115        0        0        0        7       16        0        0        0        1        0        0     4077        0        0        4        0        0        0        0        0        0        0        0        0        0        0      118        0       11        0        0        0        0        0        0        0      200        1        0        0        0        0        0        0        0        0       33        0        0        8        0       35        0        0        0       51      224        0 
55:        0        0      107        0        0        1       74        9        0        0       25        0        0        0       39        0        0        0        0        1        5        0        0     1009        0        0        0        0        5        2      259        0      307        0        0        0      732        0        0       65        0      143       22       64        4     1113        9        0        0        0        0       71        1        0        0      713        7       23        0        0        3       14        0      189        0        0        1        0       12        0        0        0        0        0        3        0      205        0        0       49        0        0        0      156        0        0        0        0      169        4      925        0      416     1103        0        7        0       87       27        0      224 
56:        0        0        0        0       69        2        0        0        0        0        0        0        0        0        0        0        0        0        0        0        0        0        0        0        0        0        0        1        0      189        0        0        0        0        0        0        0        0        0        0        0        0        0        0        0        0        0        0        0        0        0        0        0        0        0        0     4436        0        0        0        0        0        0        0        0        0        0        0        0        0        0        0        0        0      308        0        0        0        0        0        0        0        0        0        0       52        0        0        0        0        0        0        0        0        0       68        0        0        0        0        0 
57:        0        0      126        2        1       47        0        0        0        4        0        0        7       65       32       51        1      216        0        0       18        3        0        0        0        1       99       25        0        0        0        0        0       60        0        3        0       17       12        1        0        1        5        1        0       25        2        0        0        0        0       15        0       29      204        6        0      961        0       13       71        1       25       37        0        9       67        0      279        0       75        8        0        1      131        0      556        1        0        4        0        0        0        0        0        3      317        0        5        0        0        0        1        0        0        0        0       14        0        0        5 
58:        0        0        0        0        2        0        0        0        0        0        0        0      105        0        0        0        0        0        0        0        0        0        0        0        0        0        1        0        0        0        0        0        0        0        0        0        0        0        0        0        0      864        0        0        0        0        0        0        0        0        0        0        0        0        0        0        0        0     6699        0       14      484        0        0        0        0       58        0        0        0        0        0        0        0        0        0        0        0        0        0        0        0      452        0        0        0        0        0        0        0        0        0        0        0        0        0        0        0        0        0        0 
59:        0        0        2        0        0        0        0        0        0       50        0        0        1        0        0        0       26       12        0        0        0        0        0        0        0        0      131        0        0        0        0        0        0       53        0        0        0        0      370        0        0        0        0        0        0        8       36        0        0        0        0        0        0       35        0        0        0        0       64     9936        6      172      696        2        0        0        0        0        0        0        0        0        0        0        0        0        0       54        0        0        0        0        7        0        0        0        0        0        0        0        0        0        0        0        0        0        0        1        0        0        0 
60:        0        0       20        0        0        0        0        0        0        0        0        0       53        2        0        0        2        1        0        0        0        0        0        0        0        0        0        0        0        0        0        0        0        4        0        0      138        1       33        0        0        0        2        0        0       13        0        0        0        0        0        0        0        0        0        0        0       61      357        0    13997        0        0        0        0        4        0        0        0        0        0        0        0        0      383        0        0        0        0        0        0        0        0        0        0        0        0        0        0        0        0        0        0        0        0        0        0        0        0        0        0 
61:        2        0        0        0        0        0        0        0        0        0        0        0        5        4        1        0        0        5        0        2        0      236        0        0        0        0        0        0        0        0        0        0        0        0        0        0        0        0       25        0        0        0       10        0        0        0        0        0        0       17        0        0        0        0        0        0        0        0        0       16        0    11212        0       16        0        0       18        0        0        0        0        0        0        0        0        0        5      210        0        0        0        0        0        0        0        2        0        0        0        0        0        0        0       74        0        0        0        0        0      118      102 
62:        0        0        0        0        0        0        0        0        0        0        0        0        0        0        0        0        0        0        0        0        0        0        0        0        0        0        0        0        0        0        0        0        0        0        0        0        0        0        0        0        0        0        0        0        0        0        0        0        0        0        0        0        0        0        0        0        0        0     1052        0      290      376     8666        0        0        0        0        0        0        0        0        0        0        0        0        0        0        0        0        0        0        0        0        0        0        0        0        0        0        0        0        0        0        0        0        0        0        0        0        0        0 
63:        0        0        0        0        0        0        0        0        0        0        0        0        0        0        0        0        0        0        0        0        0      167        0        0        0        0        0        0        0        0        0        0        0        0        0        0        0        0        0        0        0        0        0        0        0        0        0        0        0        0        0        0        0        0        0        0        0        0        0        0        0      133        0     5842        0        0       19        0        0        0        0        0        0        0        0        0        0        0        0        0        0        0        0        0        0        0        0        0        0        0        0        0        0        0        0        0        0        0        0        0        0 
64:        0        0        0        0        0        0        0        0        0        0        0        0        0        0        0        0        0        0        0        0        0        0        0        0        0        0        0        0        0        0        0        0        0       27        0        0        0        0        0        0        0        0        0        0        0        0        0        0       26        0        0        0        0        0        0        0        0        0     1004        0       71       59        0        5    12057        0      278        0        0        0        0        0        1        0        0        0        0        0        0        0        0        0        0        0        0        0        0        0        0        0        0        0        0        0        0        0        0        0        0        0        0 
65:        0        0        0        0      270        0        0        0        0        0        0        0        0        0        0        0        0        0        0        0        0        0        0        0        0        1        0        0        0        0        0        0        0        0        0        0        0        0        0        0        0        0        0        0        0        0        0        0        0        0        0        0        0        0        0        0        0        0       99        0        1      442        0        0        0     7531       19        1        0        0        0        0        0        0        0        0        0        0        0        0        0        0        0        0        0       29        0        0        0        0        0        0        0        0        0        0        0        0        0        0        0 
66:        0        0       60        0        0       13        0        0        0        0        0        0        0        0        0        0        0        0        0        0        0        0        0        0        0        0       46        0        0        0        0        0        0        4        0        0        0        0        9        0        0        0        0        0        0       35        0        0        0        0        0        0        0        0        0       15        0        0       68        0        0      246       38      566        0       60     3918        0        0        2        0        0        0        0        0        0        0        5        0        4        0        0        5        0        0        0        0        0        0        0        0        0        0        0        0        0        0        0        0        2        0 
67:        0        0        3        0       41       18        7       47        0        1       54        0        0        0        0        0       12        0        0        0       16       88        0        3        0      118        1        0        4        9      406        0       51        0        0       17        0        5        5      385       19       32        4        0      375        0        6        0        0        0       76        1      203        0        0        2       15       12        0        4        7        0        0        4        0        1        0     5121        1       28       18        0        1        0       26       35        0        0       73        1       21        0       15       49        1      126        0        0       67        1        2        7       10       56        0        0        5       16        0       17        0 
68:        0        0        0        0     1254        0        0        0        0        0        0        0        0        0      245        0        0        8        0        0       58        0        0        0        0        0        3        0        0       45        0        0        0        0        0        0       34      120        0        0        0        0        0        0        0        0        0        0        0        0        0        0        0       11        9        0     1975        0       65       21        0        0        0        0        0        1        1        0     6383        0        0        0        0        0      203        0        0        0        0        0        0        0        0        0        0     1396        9        0        0        0        0        0        0        0        0        0        0        0        0        0        0 
69:        0        0        0        0        0        0        0       51        0        0        5        0       33        0        0        0        0       84        0        0        0        0        0        0        0       24        0        0        0        0        0        0       40        0        0        5        0        0        0        0        0        0        0        0       34       35       65        0        0        0        0        0        0        0        0        2        0        0        0        0        1        0        0        0        0        0        0      297        0     1539        0        0        0        0      842        0        0        0        0        0        0        0        0        0        0      411        0        0      415        0        0        0        0       13        0        0        0        0        0        0       26 
70:        0        0        0        0        0        0        0        0        0       16        1        0        0        0        0        2      125      112        0        0      103        0        0        0        0        0        0        0        0        0        0        0        0        0        0        0        0        0       10        2        0        2        0        0        0        0        5        0        0        0        0        0        0        0        4        1        4       27        0        0        0        0        0        0        0        0        1        0        0        0     8623        2        0        0       12        0       18        0        0        0        0        0        0        0        0        0        0        0        0        0        0        0        0        0        0        0        0        0        0        5        0 
71:        0        0        0      129        0        0        0        0        0      147        0        0        0        0      412        0      522        0        0        0       16        0        1        0        9        0        0        0        0       38        0        0        0        5        0        0       22        0        0        1        0        0        0        0        0        0        0        0        0        0        0       20        0        0       32        0        0        0        0        0        0        0        0        0        0        0        0        0        0        0        0     1261        0        0        0        0        0        0        0        0        0        0        0        0        0        0        0        0        0        3        2        0        0        0        6        0        0        0        0        0        0 
72:        0        0        0        0        0        0        0        0        0        0        0        0        0        0        0        0        0        0        0        0        0       99        0        0        0        0        1        0        0        0        0        0        0        0        0        0        0        0        0        0        0        0        0        3        0        0        0        0      233        0        0        0        0        0        0        0        0        0        0        0        0        0        0        0        0        0        0        0        0        0        0        0     4878        0        0        1        0        0        0        0       33        2        0        0        0        0        0      185        0        0        0        0        0        0        0        0        0        0        0        0        0 
73:        0        0        0       69        0        0        0        0        0        0        0        0        6        9        0        0        0        0        0        2        0       86        2      875        3        0        0        0        0        0        0        0        0        1        0        0        0        0        0        0        0        0        0        0        0        0        0        0        0        0        0        6        0       13      100        1        0        0        4        0        0        0        0        0        0        6        2      227       15        2        0        0        0    15074       36        0        0        0        0        3        0        0        0        0        0      300        0        0       85        0        0        0        0        0        0        0        0        2        0        0        0 
74:        0        0        0        2      316        0        0        0        1       73        2        0        0        0       80        0        0        2        0        0      276        0        2      118        0       13        0        0        0       10        0        0        0        0        0       66      286      108        0       26        0        0       41       56        0       11       27       16        0        0        0       21        0        0       29       21      185      194        0        0       20        5        0        0        3        2        0      115        0      412        0       12        0        3     2353        0        0        0        0        3       50        0       23        1        0       93        0        0        9        0        2        0       26       20        0        2      468        0        8       69       12 
75:        0        0        0        0       38        0        0        0        0        0        0        0        0        0        0        0        0        0       22        0        0        0        0        0        0       95        0        0        0      167        0        4        0        0        0        0        0        0        0      927       49        1        0        0        0        0        0        0        0        0        2        0       42        0        0        0        0        0        0        0        0        0        0        0        0        0        0        0        0        0        0        0        0        0        0    10497        0        0        0        0        0      384        0        0        0        0        0        0        0        0        0        0        0        6        0        0       10        0        0        2        0 
76:        0        0        2        2      593        0        0        0        0        0        0        0        0        0       13      149       30        0        0        0        1        0        0        0        0        0        0        0        0      420        0        0        0        0        0        0        0        0       21       50        0        2       79      607        0        8       40     1276        0        0        0       17        0        0      549        0        0      139        0        0        0        0       13        0        1        0        0        0      131        0        0        0        0        0        1        0     4613        0        0        3        2        0        0        0        0        0       12        0        2        1      679        0        0        0        0        0        0        0        0       30       57 
77:     1019      307        0        0        0        0        0        0        0        0        0        0       20        2        0        0       65      210        0     1034        0        0        0        0        0        0        0        0        0        0        0        0        0      163        0        0        0        0     1983        0        0        0        0        0        0       17        0        0        0       80        0        0        0        0        1        0        0        0       40        2        0       25        0        0        0        0        0        0        0       29        0        0        0        0        0        0        0     5289        0        0        0        0        0        0        0        0        0        0        0        0        0        0        0        0        0        0        0        0        0        0        0 
78:        0        0        0        0       14        0      257      255        0        0        0        0        0        0        2        0        0        0        0        0        0        0       16        0        0        0        0        0        0        0       28        0      185        0        0       61        0        0        0      101        0        0        0        0        0        0        0        0        0        0      655       64        0        0        0        0        0        0        0        0        0        0        0        0        0        0        0        0        0        0        0        0        0        0        0        0        0        0     1976        0        0        0        0        0      250        0        0        0        0        0       10        2      187        0        0        0        0        0        0        0        0 
79:        0        0        0        0        0        0        0       68        0        0      107        0        0        0       83        0        9        0       86        0        1      141        2        0        0        1        0        0       28        0        0       10        0        0        0        0        0       58        0       49        0        0        7        0        0        0        0        0        0        0       80      354        0        0        0        0        9        2        0        0       22        0        0        0        0        0        0        3        0       61        0        1        6        2        0        0        8        0       43     3053      150       19        0       76        0        0        0       95        6        0        2        0        2       18        0      142        5       23        0        0        0 
80:        0        0        0        0       41        0        0        0        0        0        0        0        0        0        0      220        0        0        7        0        2      191       19        3        0        1        0       51        0       81       29       10        0        0        0       26        0      659        0        0        8        3        0       23        0        0        5       70      674        0        9        2       12        0       47        0        0        4        0        0        0        0        0        0        0        0        0        0        0        0        0        2        1        0       12        4      175        0        4      215     5670      237        3       34        6      139        0       66        0      121        0        0        3        0        0       13       75        0        0        0        0 
81:        0        0        0        0        0        0        0        0        0        0        0        0        0        0        0        0        0        0        0        0        0        0        0        0        0        1        0        0        0        0        0        0        0        0        0        0        0        0        0        0        0        0        0        0        0        0        0        0       35        0        0        0        0        0        0        0        0        0        0        0        0        0        0        0        0        0        0        0        0        0        0        0       38        0        0       85        0        0        0        0        9     6223        0        0        0        0        0      483        0        0        0        0        0        0        0        0        0        0        0        0        0 
82:        0        0        0        0        0        0        0        0        0        0        1        0        0        0       15        0        0        0        0        0        0      127        0        2        0        0        0        0        0        0        0        0        0        0        0        1        0        6        0        2        0       30        0        0        0        0        0        0        0        0        0        0        0        0        0        0        0        0        0        0        0        0        0        0        0        0        0        1        0        0        0        0       54        5        0        0        0        0        0        1      124        5     4294        0        0        0        0       27        0        0        0        0        0        0        0        0        0        0        0        0        0 
83:        0        0      167        4        0        0      179      262        0        0        0        0        0        0     2330        0        0        0        0        0       10        0        0        4        0        0        0        0        0        0        3        0      108        0        0        0       11      587        0        0        0       83        0        0        0        0        0       92        0        0        0      290        0        0        0        0        0      317        0        0        0        0        0        0        0        0        0        0        2        0        0       68        0        0        0        0       12        0     1510       96        1        0        0     4119        0        0       49        0        2        0        1      916     1241        0        0        0        0        3        0        0        0 
84:        0        0        0        0        0        0        0        0        0        0        0        0        0        0        0        0        0        0        0        0        0        0        0        0        0        0        0        0        0        0        0        0        0        0        0        0        0        0        0        0        0        0        0        0        0        0        0        0        0        0        0        0        0        0        0        0        0        0        0        0        0        0        0        0        0        0        0        0        0        0        0        0        0        0        0        0        0        0        0        0        0        0        0        0     3843        0        0        0        0        0        0        0        0        0        0        0        0        0        0        0        0 
85:        0        0        0        0      360        0        0        0        0        0        0        0        0        0        0        0        5        0        0        0        0        0        0        0        0        0        0       25        5       64        0        0        0        0        0        0        0        3        0        5        0        0        0        0        0        0        0        0        0        0       11        0        0        0        0        0      212        5        0        0        0        0        0        0        0        0        0       71        0       22        5        0        0        0        1        0        0        0       12        0        0        0        0        0        0     3564        0        0        0        0        0        0        2        0        0      448        0        0        0        0        0 
86:        0        0        0        0        0        0        0        0        0        0        0        0        0        0        0        0        0        2        8        0        0        0        0        0        0        0        0        0        0        0        0        0        0        0        0        0        0        0        2        0        0        0        0      152        0        0        0        0        0        7        0        0        0        0        0        0        0        0        0        0        0        0        0        0        0        1        0        0        4        0        4        3        0        0        0        0        0        0        1        3        0        0        0        0        0        3     6325        0        0        0        0        0      209        0        0        0        0        0        0        0        0 
87:        0        0        0        0        0        0        0        0        0        0        0        0        0        0       18        0        0        0        0        0        0      123        0        0        0        0        0        0        0        1        0        0        0        0        0        0        0        0        0        0        0        2        0        0        0        0        0        0        5        0        0        0        0        0        0        0        0        0        0        0        0        0        0        0        0        0        0        0        0        0        0        9       26        0        0       53        0        0       28       48       43       96        4        0        0        0        0     5778        0        0        1        0        0        0        0        0        0        0        0        0        0 
88:        0        0        3        0        0        0        0       21        0        0      208        0        0        0        0        0        0        0        0        0        0        7        0        0        0       65        0        0        0        0       74        0       48        0        0        4        0        0        0        0        0       46        0        0        0        0        0        8        0        0      276       96        3        0        0        0        0        0        0        0        0        0        0        0        0        0        0        0        2        0        0        4        0        0        3        0        0        0        0        0        0        0        0      206        0       22        0        0     4591        0        0        0        0      697        0        0       64      598        0        0        0 
89:        0        0        0        0        0        0        0      266        0        0        0        0        0        0      349        0        0        0        0        0      151        0        0        0        0        0        0        0        0        0        0        0        0        0        0        0        0        0        0        0        0        0        0        0        0        0        0        0        0        0        0        0        0        0        0        0        5        0        0        0        0        0        0        1        0        0        0        0        0        0        0        1        0        0        0        0        0        0        0        0        0        0        0        0        0        0        0        0        0     5098        0        0        0        0        0        0        0        0        0        3        0 
90:        0        0        0        0        0        0        0        0        0        0        0        0        0        0        0        0        0        0        0        0        0        0        0        0        0        0        0        0        0        0        0        0       26        0        0        0        0        0        0        0        0        0        0       17        0       55        0      165        0        0        0        0        0        0      347       55        0        0        0        0        4        0        0        0        0        0        0        0        0        0        0       21        0        0        0        0        8        0        0        0        0        0        0        1        0        0        0        0        0       80     3330      502       62        0        0        0        0       34        0        0        0 
91:        0        0        0        0        0        0        0        0        0        0        1        0        0        0        0        0        0        0        0        0        0        0        0      273        0        0        0        0      298      125       29        0      108        0        0      763        0        0        0        0        0      276        0        0        3        0        0        0        0        0        0        0        0        0        0       35        0        0        0        0        0        0        0        0        0        0        0        9        0        0        0        0        0        0        0        0        0        0        0        1      116        0        0      446        0       18        0       90      406        0        1     3149       32       84        0        0        0        0        0        0        0 
92:        0        0        0        0       51        0        5        0        0        0        0        0        0        0        1        0        0        0        0        0        0       26        0       65        0        0        0        0        0        0        0        0       32        0        3      464        0        0        0        0        0       16        2        0       54        0        0       10        0        0       12        0        0        0        0        7        0        0        0        0        0        0        0        0        0        0        0       10        0        0        0        0        0        0        0        0        1        0       23        0        0        0       28        2        0       13        0        0        0        0       11       86     2553      284        0        0        0        0        0        1        2 
93:        0        0        0        0        0        0        0        0        0        0        0        0        0        0        0        0        0        0        0        0        0        9        0        0        0        0        0        0        0        0        0        0        0        0        0        0        0        0        0       27      176      268        0        0        0        0        0        0        0        0        0        0        0        0        0        0        0        0        0        0        0        0        0        0        0        0        0        0        0        0        0        0        0        0       44        0        0        0        0        2       52       14       91        5        0        0        0        0        0        0        0        0       26     6578        0        0       26       31        0        0        0 
94:        0        0        0        0        0        0        0        0        0        0        0        0        0        0        0        0        0        0        0        0        0        0        0        0        0        0        0        0        0        0        0        0        0        0        0        0        0        0      684        0        0        0        0        0        0        0        0        0        0        0        0        0        0        0        0        0        0        6        0        0        0        0        0        0        0        0        0        0        0        0        0        0        0        0        0        0        0        0        0        0        0        0        0        0        0        0        0        0        0        0        0        0        0        0     7458        0        0        0        0        1        0 
95:        0        0        0        0       93        0        0        0        0        1        1        0        0        0        0        0        0       56        0        0        0        0        0        0        0        4        8        0        0        0        0        0        0        0        0        0        0        0        0        0        0        0        0        0        0        7        1        0        0        0        0        0        0        0        0        0      638        0        0        0        0        0        0        0        0        0        0        0        0        0       15        0        1        0        0        0        0        0        0        0        0        0        0        0        0       86       40        0        0        0        0        0        0        0        0     2794        2        0        0        0        0 
96:        0        0        0        0        0        0        0        0        0        0        0        0        0        0        0        0        0        0        0        0        0        0        0        0        0        0        0        0        0        0        0        0        0        0        0        0        0        0        0        0        0        0        0        0        0        0        0        0        0        0       93        0        0        0        0        0      104        0        0        0        0        0        0        0        0        0        0      190        0        0        0        0        0        0        0        0        0        0        1        0        0        0        0        0        0        0        0        0        0        0        0        0        0        0        0        0     2837        0        0        0        0 
97:        0        0       18        0        0        0        8        0        0        0      260        0        6        0        0        0        1        2        0        0        0       18        3        3        0        0        0        0        0        0       18        0      106       33       23        0        7       28        0      373        0      295       16       34        0        0       46        7       86        0       10        0       38        0       61       39        0        8        0        0        0        0        0        4        0        0        0        0        0        0        0        1       66        3       93        0        3        0        0       97     1585        0        2      171        0        0        0        0      100        0       85        0        0       69        0        0       42     3776        0       72        4 
98:        0        0        0        0        0        0        0        0        0        0        0        0        3        0        0        0       12        0        0        0        0        0        0        0        0        0        0        0        0        0        0        0        0        0        0       52        3        0        0        0        0        0        0        0        0      345        0        0        0        0        0        0        0        0        0        0        0        0        0        0        0        0        0        0        0        0        0        0        0      155        0        0        0        0        0        0      535        0        0        0        0        0        9        0        0        0        0        0        0        0        0        0      417        0        0        0        0        0     1315      216      609 
99:        0        0        8        0        0        0        0        0        0        0        0        0        0        0        0        0        4        0        0        0        0        0        0        0        0        0        0        0        0        0        0        0        0        0        0        0        0        0        0        0        0        0       28        0        0        8        0        0        0        6        0        0        0        0        3        0        0        0        0      131        0        9        0        0        0        0        0        0        0      243        0        0        0        4        4        0        0        0        0        0        0        0        0        0        0        0        0        0        0        0        0        0        0        0        0        0        0        0       41     5683       49 
100:        2        0      620      268      130        0        0        0        0        0        0        0       17       50       28       43       10       31        0        4      115      168        0        2        9        0        0        0        0       10        0        0       44       83       29       94        1        0        2        0        0        0      173        0        0      920       15        0        0        0        0        4        0        2      206      176       81       45       25      128       45      246        0        7        0       14       19        0        0       16       49       28        0        8      240        0        4        7        1        0        0        0        4        0        0        5        0        0      225        0       91        0        0        0        4        0        0        0       35      198     1727 
