Average: 0.327670
Micro Average: 0.327670
Macro Average: 0.198796
Confusion Matrix:
           0        1        2        3        4        5        6
 0:       35        1        0        0      273        0        0 
 1:       56        1        0        0       75        3        0 
 2:       26       15        0        0      136        0        0 
 3:        4        6        0        0       65        0        0 
 4:        2        0        0        0      205        0        0 
 5:       39        4        0        0       38        3        0 
 6:       25        0        0        0       63        0      161 
