Confusion Matrix:
       0   1   2   3   4   5   6
  0:  35   1   0   0 273   0   0
  1:  56   1   0   0  75   3   0
  2:  26  15   0   0 136   0   0
  3:   4   6   0   0  65   0   0
  4:   2   0   0   0 205   0   0
  5:  39   4   0   0  38   3   0
  6:  25   0   0   0  63   0 161
--------------------------------
              precision    recall  f1-score   support

           0   0.187166  0.113269  0.141129       309
           1   0.037037  0.007407  0.012346       135
           2   0.000000  0.000000  0.000000       177
           3   0.000000  0.000000  0.000000        75
           4   0.239766  0.990338  0.386064       207
           5   0.500000  0.035714  0.066667        84
           6   1.000000  0.646586  0.785366       249

    accuracy                       0.327670      1236
   macro avg   0.280567  0.256188  0.198796      1236
weighted avg   0.326429  0.327670  0.264035      1236
-----------------------------------------------------
Accuracy Macro Average: 0.256188
