Confusion Matrix:
           0     1     2     3     4     5     6     7     8     9    10    11    12    13    14    15    16    17    18    19    20    21    22    23    24    25    26    27    28    29    30    31    32    33    34    35    36    37    38    39    40    41    42    43    44    45    46    47    48    49    50    51    52    53    54    55    56    57    58    59    60    61    62    63    64    65    66    67    68    69    70    71    72    73    74    75    76    77    78    79    80    81    82    83    84    85    86    87    88    89    90    91    92    93    94    95    96    97    98    99   100
    0:  3633  3275     0     0     0     0     0     0     0     0     0     0     2     2     0     0     0     0     0   163     0     0     0     0     0     0     0     0     0     0     0     0     0     0     0     0     0     0     0     0     0     0     0     0     0     0     0     0     0     0     0     0     0     0     0     0     0     0     0     0     0   206     0     0     0     0     0     0     0     0     0     0     0     0     0     0     0    30     0     0     0     0     0     0     0     0     0     0     0     0     0     0     0     0     0     0     0     0     0     0     0
    1:   202  4756     0     0     0     0     0     0     0     0     0     0     1     0     0     0     0     0     0   741     0     0     0     0     0     0     0     0     0     0     0     0     0    10     0     0     0     0   281     0     0     0     0     0     0     0     0     0     0     0     0     0     0     0     0     0     0     0     2     0     0     0     0     0     0     0     0     0     0     0     0     0     0     0     0     0     0   230     0     0     0     0     0     0     0     0     0     0     0     0     0     0     0     0     0     0     0     0     0     0     0
    2:     0     0  2321     0     0     0     0     2     0     3     0     0     0     0   901     0     0    23     0     0     3     0     0     0     0    25     0     0     0   109     0     1   142     5    50     0     0     0     1     0     0   141    51     0     1     0     8     0     0     3     2     1     0     0     0     7   124     2     4     0    48    29     0     0     7    11     1    10     0    86     0     0     0     0   509     0   276     0   256     0   213     0    79    37     0     0     1     0    33   219     0    46    47     0     0     0     0     0   196     0    80
    3:     1    37    55  4596     0     0     0     0     0     0     0     0     4     1     0     0     3     0     5   190     0     4     0     0   931     0     0     0     0     0     0     0     0     2    12     0     0     5     2     0     7     0     0     0     0     0     0     0     0     4     0     0     0     0    65     0     0     2     0     1     0     0     0     0     0     0     0     0     0     0     0    29    49    33     0     0     0     2     0     0     0     0     0     0     0     0   256     0     0     8     0     0     0     0     0     0    16     0     0     0     0
    4:     0     0     0     0  3147     0     0     0    35     0     0     0     0     0     0     0     0     0     0     0   105     0     0     0     0     0     0    76     0    55     0     0     0     0     0     0     0     0     0     0     0     0     0     0     0     0     0     0     0     0     0     0     0     0     0     0     6     0     0     0     0     0     0     0     0     0     0     0     0     0     0     0     0     0     0     0     0     0    10     0     0     0     0     0     0     7   123     0     0     0     0     0     0     0     0    19     0     0     0     0     0
    5:     0     0     0     0     0  6394     0     0   212    24     2     0     3     0     0    11     0     0     0     0     0     5     0     0     0     0     0     0     0   162   128     0     0     0     0     0     0    45     4    36     0     0     6     0    25     0     0     0     0     0     1    10     8     0     0     0     0     5     0     0     0     0     0     0     0     0    13     0     0     0     3     0     0     0     0     0   164     0    19     6     0     0     0     0     0     0    10     0     0     0     0     0     0     0     0     0     0     0     0     0     0
    6:     0     0   148     0     0     0  3135   147     0     0     0     0     0     0     0     0     0     0     0     0     0     0    30     0     0     0     0     0     0     0     0     0    51     0     0     0     0     0     0   202    33     0     0     0     0     0     0     0     0     0     3     0     0     0     0     0     0     0     0     0     0     0     0     0     0     0     0     0     0     0     0     0     0     0     0     0     0     0    17     0     0     0     0   237     0     0     0     0     0     0     0     0     0     0     0     0     0     0     0     0     0
    7:     0     0     0     0     1     0     0  1564     0     0     0     0     0     0     0     0     0     0     0     0     0     0     0     0     0    42     0     0    53     0     0     0     0     0     0     0     0     0     0     0     0     1     0     0   161     0     0     0     0     0     0     0     0     0     0    21     0     0     0     0     0     0     0     0     0     0     0     8     0    31     0     0     0     0     0     0     0     0    47   146     0     0     0    43     0     6     0     0     0     0     0  1192     0    10     0    14   583     0     0     0     0
    8:     0     0     0     0     0     0     0     0  2134     0     0     0     0     0     0     0     0     0     0     0     0     0     0     0     0     0     0     0     0     0     0     0     0     0     0     0     0     0     0     0     0     0     0     0     0     0     0     0     0     0     0     0     0     0     0     0     0     0     0     0     0     0     0     0     0     0     0     0     0     0     0     0     0     0     0     0     0     0     0     0     0     0     0     0     0     0     0     0     0     0     0     0     0     0     0     0     0     0     0     0     0
    9:     0     0     0     0     0     0     0     0    15  4730     0     0     0     0     0     0     0     0     0     0   270     0     0     0     0     0     0     0     0     0     0     0     0     0     0     0     0     0     0     0     0     0     0     0     0     0     0     0     0     0     0   300     0     0     0     0     0     0     0     0     0     0     0     0     0     0     0     0     0     0     0     0     0     0     0     0     0     0     0     0     0     0     0     0     0     0     0     0     0     0     0     0     0     0     0     0     0     0     0     0     0
   10:     0     0     3     0     4     0     0     5     9     0  6795     0     0     0     0     0     0     0     6     0     0     6    20     3     0     2     0     0     0     0     2     0    55     0    12     2     0     0     0     4     0   183    24     0     1     3     0     0     2     0     4     0     0     0     0     0     0    29     0     0     0     0     0     0     0     0     0     0     0     0     0     0     0     0     0    18     0     0    18  1180     0     1     0   101     0     0     0     0    61    12     0   262    47    65     0     0     2     5     0     0     0
   11:     0     0     0     0     0     0     0     0     0     0     0 12714     0     0     0     0     0     0     0     0     0     0     0     0     0     0     0     0     0     0     0     0     0     0     0     0     0     0     0     0     0     0     0     0     0     0     0     0     0     0     0     0     0     0     0     0     0     0     0     0     0     0     0     0     0     0     0     0     0     0     0     0     0     0     0     0     0     0     0     0     0     0     0     0     0     0     0     0     0     0     0     0     0     0     0     0     0     0     0     0     0
   12:    29    76     0     0     0     0     0     0     0     0     0     0  2168     3     0     3    10     0     0   422     0     0     0     0     0     0     2     0     0     0     0     0     0  2064   188     0     0     0   419     0     0     0    32    91     0     1    27     0     0     0     0     0     0     0     3     0     0     3     0   131     0    11     0     0     0     3    13     0     0    23     0     1     0    22     0     0     0     1     0     0     0     0     0     0     0     0     0     0     0     0     0     0     0     0     0     0     0     0     0     0     4
   13:     0     0     0     0     0     0     0     0     0     0     0     0    55  2690     0     0     0     0     0     0     0     0     0     0     0     0     0     0     0     0     0     0     0     1     0     0     0     7    84     0     0     0     0     0     0     4     0     0     0     0     0     0     0     0     2     0     0     0     0     0     0     0    15     0     0     8     0     0     0     0     0     0     0     0     1     0     0    95     2     0     0     0     0     0     0     0    24     0     0     0     0     0     0     0     0     3     0     0     0     0     0
   14:     0     0    68     0     0     0     0     0     0   183     1     0     0     0   709     0    14     2     0     0     0     0     0     0     0     0     0     0     0     0     0     0     0     0    25     0   355     0    90     0     0     0    14     0     0   299    27   416     0     0     0   214     0     0   223    54     0     2     0     2     0    39     0     0     0     0    50     0     0     1    18     1     0     0     4     0     2     1     0     0     0     0     0     0     0   307    17     0     0     8     8     0     0     0     0     0     0     0   530     0    12
   15:     0     0     0     0    85     0     0     0    34     0     0     0     0     0     0  5188     0     0    61     0    50     0     0     0     0     0     0     0     0     0     0     0     0     0     0     0     0     0     0     0     0     0     0     8     0     0     0     0     0     0     0     0     0     0     0     0     0     0     0     0     0     0     0     0     0     0     0     0     0     0     0     0     0     0     0     0    34     0     7     0     0     0     0     0     0     0     0     0     0     0     1     0     0     0     0     0     0     0     0     0     0
   16:     0     4    12     0     0     0     0     1     0     4     0     0     0     0     0     4  4568  1989     0     0  1141     2     0     0     0     1     0     2     0     0     0     0     0    29     0     0     0     0    27     0     0     0     0     0     1     0     0     0     0     0     0    45     0     0     0     0     0     0     0     0     0     0     7     0     0     1     4     0     0    11    22     0     0     0   455     0     0     2    62     0     0     0     0     0     0    36     0     0     0     0     0     0     0     0     0     0     0     0  1426     0     7
   17:     0     0     3     2     0     0     0     0     0     3     0     0   102     6     0    22   520  4227     0   104     0     0     0     0     0     0     0     0     0     0     0     0     0    17  2152     0     0     0    62     0     0     0     0     0     0     0     0     0     0    77     0     0     0     0     2     0     0     1    37    76     0     0     0     0     0     0   164     0     0   458     8     0     0     1    20     0     1   258     0     0     0     0     0     0     0     0     0     0     0     1     0     0     0     0     0     0     0     0     0    22     0
   18:     0     0     0     0     0     0     0     0     0     0     0     0     0     0     0     0     0     0  4799     0     0     3     0     0     0    24     0     0     0     0     0   124     0     0     0     0     0     0     0     0     0     0     0     0     0     0     0     0     0     0     0     0     0     0     0     0     0     0     0     0     0     0     0     0     0     0     0     0     0     0     0     0     0     0     0    31     0     0     0     0     0    23     0     0     0     0     0    94     0     0     0     0     0     0     0     0     0     0     0     0     0
   19:   792   819     0     0     0     0     0     0     0     0     0     0    23    89     0     0     0     4     0  2944     0     0     0     0     0     0     0     0     0     0     0     0     0     6     0     0     0     0     0     0     0     0     0     0     0     3     0     0     0    49     0     0     0     0     0     1     0     3     0    48     0   615     0     0     0     0     0     0     0    28     0     0     0     0     0     0     0  4671     0     0     0     0     0     0     0     0     0     0     0     0     0     0     0     0     0     0     0     0     0     0     0
   20:     0     0     0     0   279     0    17     0     0     0     0    17     0     0   247     0    49     0     2     0  4050     0     0     0     0     0     0    96     4   347     0     0   291     0     0     0     9     0     0     0     2     0     0    30    15     5     0   179     0     0    46     2     0     0     0     0   105    16     0     0     0     0     0     0     0     0     0     0     0    17     0     0     0     0     0     0    10     0     0     0     0     0     0     0     0   445    44     0     0     0     0     0     0     0     0     2     1     0     0    51     0
   21:     0     0     0     0     4     7     0   214     0     0     2     2     2     0     0     0     7     0     7     0     4  1733     0    11     0    23     8     0     0     0    10     2     4     5     0   101     0     0     0     2     9    30     6     4     2     2    32     0   126     0     0     0    19     2     0     0     0     0     0     0     0     0     0     0     0     0     0    17     0    11     0     7    22    97    49    11     0     0     2     6    52    46   280    26     0    33     0   163     0     3     0     2     1    74     0     1     0     2     0     2    12
   22:     0     0     0     0     4     0     0   101     0     0     0     0     0     0     0     8    15     0     0     0     0     0  2405   235     0     0     0   130    18    91     0     0     0     0    33     0     0    20     0     6     0     0     0    47    59     0     0     0     0     0     6     0     0     0    25   142     0     0     0     0     0     0     0     2     0     0     0     0     0     0     0     0     0     0     0     0    13     0     0   184   379     0     1     4     0     3     0     0     0     0    14    16     0     0     0     0     0     0     0    13     0
   23:     0     0     0     0     0     0    95     0     0     0     0     0     0     0     0     0     1     0     0     0     0     0  1643  1634     0     0     0     0    92     0   222     0   126     0    48   144     0    18     0     1     5     0     0     0     1     0     0     2     0     0     3     0     0     0     0     0     0     0     0     0     0     0     0     0     0     0     0     0     0     1     0     0     0     0     0     0     0     0    19     0     0     0     0     8     0     0     0     0   293    19     2     6   326    72     0     0     0     0     0     0     0
   24:     0     0     0     0     0     0     0     0     0     0     0     0     0     0     0     0     0     0     0     4     0     0     0     0  5816     0     0     0     0     0     0     0     0     0     0     0     0     0     0     0     0     0     0     0     0     0     0     0     0     2     0     0     0    43     0     0     0     2     0     0     0     0     0     0     0     0     0     0     0     0     0     0     0     0     0     0     0     0     0     0     0     0     0     0     0     0     0     0     0     0     0     0     0     0     0     0     0     0     0     0     0
   25:     0     0     0     0     0     0     0     0     0     0     0     0     0     0     0     0     0     0     0     0     0     0     0     0     0  7757     0     0     0     0     0    23     0     0     0     0     0     0     0     0     0     0     0     0     0     0     0     0     0     0     0     0     0     0     0     0     0     0     0     0     0     0     0     0     0     0     0     0     0     0     0     0     0     0     0    76     0     0     0     0     0    48     0     0     0     0     0     0     0     0     0     0     0     0     0     0     0     0     0     0     0
   26:     0     0     0     0     8   142     0     0     0     0     0     0     3     0     0     0     0     0     0     0     0     2     0     0     0     0 10109     0     0     0     0     0     0     2     0     0     0     0     0     4     0     0     1     0     3     0     0     0     0     0     0     0     0     0     1     0     0     0     0     1  1792     3     0    22     0     0     0     0     0     0    22     0     0     8     1     0     0     0     0     0     0     0     0     0     0     2     5     0     0     0     0     0     0     9     0    36     0     0     5     0     0
   27:     0     0     0     0     9   268   256     0     0     1     0     0     0     0     0    15     0     0     0     0    13     0     0     0     0     0     0  3788     0     1     0     0     0     0     0     0     0     0     0     0     2     0     0     0     7     0     0     0     0     0    15    25     0     0     0     0    11    20     0     0     0     0     0     0     0     0     0     0     0     0     2     0     0     0    34     0     0     0     0     0     0     0     0     0     0    12     0     0     0     0     0    28     0     0     0     4     0     0     0     0     0
   28:     0     0     0     0     0     0    21     0     0     0     0     0     0     0     0     0     0     0     0     0     0     0     0     0     0     0     0     5  3086     0  1048     0     0     0     0     0     0     0     0     0     0     8     0    14     0     0     0     0     0     0     0     0     0     0     0     0     0     0     0     0     0     0     0     0     0     0     0     0     0     0     0     0     0     0     0     0     0     0     0     0     0     0     0     0    79     0     0     0     0     0     0    13     0     0     0    27     0     0     0     0     0
   29:     0     0     0     0   561     0     0     0     5     0     0     0     0     5     0    15     0     0     0     0     0     1     0     0     2     3     0     0     0  4204     0     0     0     0     1     0     0     0     0    11     0     0     0   210    83     1    16     0     0     0     1     1     0     0     0     0   113     1     0     0     0     0     0     1     0     0     0     0    15     0    18    34     0     0     0     1     0     0     0     1     0     0     1     2     0   134     3     0     0     0     0     0     0     0     0    66     0     0     0     0     3
   30:     0     0     0     0     0     0     5     5     0     0     0     0     0     0     0     0     0     0     0     0     0     0    92    17     0     0     0     0   105     9  2852     0     0     0     0     5     0     0     0    13     6     0     0     0     3     0     0     0     0     0     6     0     0     0     0     0     0     0     0     0     0     0     0     0     0     0     0     0     0     0     0     0     0     0     0     0     0     0    57     5     0     0     0     2    28     0     0    16     0     0     0     4     0     0     0     0     1     0     0     0     5
   31:     0     0     0     0   191     0     0     0     0     0     0     0     0     0     0     1     0     0  4872     0     0     0     0     0     0    69     0     5     0   107     0  1530     0     0     0     6     0     0     0     0     0     0     0    16     0     0     0     0     0     0     0     0     0     0     0     0    12     2     0     0     0     0     0     0     0     0     0     0     0     0     1     0     0     8     0     0     0     0     0     0     1   156   163     0     0     0     0    18     0     2     0     0     0     0     0     0     0     0     0     0     0
   32:     0     0     0     0     0     0     0     7     0     0     0     0     0     0     0     0     0     0     0     0     0     0    41     2     0     0     0     0   408     0   818     0  4695     0     0    15     0    21     0     0     0     0     0     0     0     0     0     0     0     0    50     0     0     0     0     0     0     0     0     0     0     0     0     0     0     0     0     0     0     0     0     0     0     0     0     0     0     0    51     0     0     0    28   264     0     0     0     0     0     0    53     0     0     0     0     0     0     0     0     0     0
   33:     0     0     0    46     0     0     0     0     0     0     0     0   792     0     0     0     1    52     0     0     0     0     0     0    22     0     4     0     0     0     0     0     0  2184    17     0     0   165   211     0     0     0     0     0     0     0     6     0     0     0     0     0     0     0     0     0     0    39     0     5     0     2     1     0     0     0    10     0     2     1     0     5     0     0     0     0     0    25     0     0     0     0     0     0     0     0     1     0     0     0     0     0     0     0     0     0     0     0     0     0     0
   34:     0     0   146     2     0     0     0     0    13     6     0     0     0     0     0     0    12     8     0   607     6     0     0     0     1     0     0     0     0     0     0     0     0    43  1232     0    27     0   505     0     0     0     0     0     0     0     3     0     0   161    15    15     0     0   566     0     0     0     0     0     0     0     0     0     0     0     0     0     0    17     0    12     0     0    15     0     0     5     0    64     0     0     0     0     0     1     9     0    16     0     0     0     0     1     0     0     0     0     0     0    13
   35:     0     0     0     0     5     0     0     0     0     0     0     0     0     0    27     0     0     0    15     0     0     0     0     2     0     0     0     0     0     0     7     0    17     0     0  4591     0     0     0     0     0     0     0     0     0     0     0     0     0     0     0    40     0     0     0     0     0     0     0     0     0     0     0     0     0     0     0     0     0     0     0     0     0     0     0     0     0     0   366     0     0     0     0     0     0    27     0     0     0     0     0     0  3265     0     0     0     0     0     0     0     0
   36:     0     0     0    87     0     0     0     0     0     0     0     0     0     2     0     0   864     0     0     0     2     0     0     0     0     0     0     0     2     0     0     0     0     0     0     0  1958    34     0     0     0     0     0     0     0     0     0     0     0     0     0   146     0     0     0     0     0     0     0     0     0     0     0     0     0     0     0     0     0     3     0     4     0     0     0     0     0     0     0     0     0     0     0     0     0     0    20     0     0     0     0     0     0     0     0     0     0     0     4     0     0
   37:     0     0    10    69     0    81     0   140    83    22     0     0     9     0   197    79   327     4     0     4    87     0    86     0     0     0     0     0     0     0    69     1   184     0    10     0   413   255    15     4     0     0    32     0     0     0   144   287     0     2     2    97     3     0   193     0   341     9     0     0     0     0     2     0     0     1     0     0     0   154     0   162     0     0    48     0    20    27   286   281     0     0     0   145     0    26   106     0     2    32     0    82     0     6   355     0    56    47    15     0     0
   38:     0     1     0     0     0     0     0     0     0     0     0     0   679     0     0    12     0    45     0     2     0     0     0     0    21     0     0     0     0     0     0     0     0   278    95     0     0     0  7447     0     0     0     0     0     0     0     0     0     0     0     0     0     0     0    18     0     0     0     1    96     0    67    23     0     0    55     0     0     0     0     0     0     0     0     0     0     0   248     0     0     0     0     0     0     0     0   356     0     0     1     0     0     0     0     6     0     0     0     3     0     0
   39:     0     0     0     0    18     0     8     1    65     0     4     0     0     0     1    28     4     0    66     0    58     0     0     0     0    70     0    64     0   488     0     0     0     0     0    19     0     0     0   953     2    50     0    26   902     0     0     1     0     0   413     4   139     0     0    34   260    43     0     0     0     0     0     0     0     0     0   239     0     0    98     2     0     0    70    19     7     0    67     1     4     0     0     0     0   148    68     0    11    32     0     2    22     4     0     0    75     5     0     2     1
   40:     0     0     0     0     0     1     0     0     0     0     0     0     0     0     0     0     0     0     0     0     0     0     0     0     0     0     0     0     7     0   360     0     0     0     0     0     0     0     0     0  6243     4     0     0     0     0     0     0     0     0     0     0     0     0     0     0    42     0     0     0     0     0     0     0     0     0     0     0     0     0     1     0     0     0     0     0     0     0     0     0     0     0     0     0    22     0     0     0     0     0     0     0     0     0     0     0     2     0     0     0     0
   41:     0     0     0     0     0     0     0     2     0     0    19     0     0     0     0     0     0     0     0     0     0     0     0     0     0     0     0     0    46     0   145     0    73     0     0     1     0     0     0     0    16  8372     0     0     0     0     0     0     0     0     0     0     0     0     0     0     0     0     0     0     0     0     0     0     0     0     0     0     0     0     0     0     0     0     0     4     0     0     0     0     0     1     2     2     0     0     0     0     7     0     0     0     0     0     0     0     0     0     0     0     0
   42:     0     1     0     0     0     0     0     1     0    93    43     0     0     0    13     0     1     0     0     0     4     0     0     0     0     0     1     0     0     1     0     0     0     0     0    22     0     0     0     4     0     0  2051     0    82     0     3    89     0     0     0     4     0     0     0     0     1   296     3     1    44     0     1     1     3    11     0     7     5     2     0    20     0     0     8    81   221     0     5     6     0     0     0    39     0     0     0     0    64     1     0     0    33    68     0    20     0     0     0     0   136
   43:     0     0     0     0     0     0     1     0    15     0     0     0     0     0     0     5     0     0     0     0     0     2     3     0     0     1     0     0     0    20     0    33     0     0     0     0     0     2     0     0     0     0     0 11079     0     0     0     3    16     0     0     0     0     0     0     1     0     0     0     0     0     0     0     0     0     0     0     0     1     0     0     0     0     0     0     0    35     0    13     0    21     0    67     0     0     0     5   109     0     0     0     0     0     0     0     0     0     0     0     0     0
   44:     0     0     0     0     0    15     0     0     3     0     7     0     0    12     0    12    21     0     0     0     1     0     2     0     0     0     0     0   146     5    12     0     3     0     0     0     0     0     6   316     1     0   154    32  1800     0     0     0     0     0   269     0     0     0     0     0     0     7     0     0     0     0     2     0     0     1     2     4     0     0    21     0     0     0     7     0     3     0    16    55     0     0     0     1     0     4     1     0     0     2     0   446    34    20     0     0    12     1     0     0     2
   45:     0     0     2     0     0     0     0     0     0     0     0     0     5     1     0     0   162     0     0    52     0   125     0     0     0     0     0     0     3     0     0     0   998     0     0     0     0     0     3     0     0     0     0     0     0  8113     0     0     0     0     0     0     0     0    29     0     0     0    94   204     3     9    56     0    22    18    43     0     0    19     0     0     0     0     0     1     0     0    15     0     0     0    69     0     0     0     0     2     0     6     0     0     0     2     0     0     0     0     0     6    18
   46:     0     0   234     1     0     0     0     0     0     0     0     0     0     0     0     0   448     0     0     0     2     0     0     0     0     0     0     0     0     0     0     0    13     0     0    24    93     0     4     0     0     0     0     0     0     0  1349   203     0     0     0    50     0     0     0     0     0     0     0     0     0     0     0     0     0     0     0     0     0     0     0     0     0     0     0     0     0     1     1     0     0     0     0     0     0     0     0     0     1     0   145     0     0     1     0     0     0     0     0     0   352
   47:     0     0     0    17   120   393     0   381     0     0     0     0     0   169   201     0     0     0     0     0    82     0   655     2     0     0     0     0    43   301     0     0     0     0     0     0    57   354     0     9     0     0  2099     0     0    14  1294  1507     0     0    17    95     0     0  1068  1293     0   447     0     3   387     0     0   644     0     0     0     0    25     0     0     0     0     0     0     0  1478     0    44     0     0     0     0  2234     0   173     4     0     0    27     0    13     0     0     0     0    88     0    59     0    50
   48:     0     0     0     4     4     0     0     0     0     0   200     0     0     0     0     0     0     0     0     0     0     7     0     0     0     0     4     0     0     0     0    12     0     0     0     0     0     4     0     0     0     0     1     0     1     0     0     0  5221     0     0     0     0     0     0     0     0     0     0     0     0     0     0     0     0     0     0     0     0     0     0     0   425     0     0   384     0     0     0     0    11    22     0     2     0     0     0   172    46     0     0     0     0     4     0     0     0     0     0     0     0
   49:     0     0     0     0     0     0     0     0     0     0     0     0     0     0     0     0     0     0     0     0     0     0     0     0   670     0     0     0     0     0     0     0     0     0     0     0     0     0     0     0     0     0     0     0     0     0     0     0     0  6448     0     0     0     0     0     0     0     0     0     0     0     0     0     0     0     0     0     0     0     0     0     0     0    16     0     0     0    69     0     0     0     0     0     0     0     0    20     0     0     0     0     0     0     0   563     0     0     0     0     0     0
   50:     0     0     0     0    10   337     0     0    19     0     0     0     0     0     0   156    19     0    52     0     1     0    10     0     2     0     0     0   112     7    28     0     0     0     2     0     0     0     4     1     0    10     1     0    12     0     0     0     0     1  2967    15     0     0     0     0     0    56     0     0     0     0     0     0     0     0     0     4     0     0     0     0     0     0     0     1     0     0   573     2     0     0     0     0     0     0    99     0     0     3     4    68     2     0     0    27    50     0     0     2     0
   51:     0     0     0    20     3    10     0     0     1    68   171     0     0     0   885     0     1    13     0     3   174     0     0     0     0     0     0    58    15    33     0     0     3     0     0     2    73     5     8     0     0     0    16     0     4    11    34    50     0     0     0  4245    34     0    81     0     0    18     0    10     0     0     0     0     0     2     0     0     0     0     0     0     0     0    63     0     9    27     0     0     0     0     0    88     0     0    59     0    35     0    60  1910    32     0     0     0     0     0     2     0     5
   52:     0     0     0     0     0  1119     0     0     0     0     0     0     0     0     0     0     0     0     0     0     0     0     0     0     0     0     0     0     0     0     0     0     0     0     0     0     0     0     0     0     0     0     0     0     0     0     0     0     0     0     0     0  2710     0     0     0     0     0     0     0     0     0     0     0     0     0     0     0     0     0     0     0     0     0     0     0     0     0     0    38     0     0     0     0     0    13     0     0     0     0     0     0     0     0     0     0    19     0     0     0     0
   53:     0     0     0     0     0     0     0     0     0    47     0     0    13   798     0     0     0     0     0     0     9     0     0     0    48     0     0     0     0     0     0     0     0    13    14     0     0     0     0     0     0     0     0     0     0     0     0     0     0     0     0     0     0  3589    36     0     0    54   598   314     0     0     2     0     0     5     0     0     0     0     9     2     0     0     0     0     0     0     0     3     0     0     0     0     0     0     1     0     0     0     0     0    12     0     0     0     0     0     0     0     0
   54:     0     0   129   792     0     0     0     0     0     0     0     0     0     0   137   118   296     0   300     0    21     0     0     5     8     0     0    13     0     9     0    13     0     0    80    38     4    18     2     0     0     0   139     0     0     0     2     0     0     1     0    10     0     0  4088     0     0    18     0     0     0     0     0     0     0     0     0     0     0    82     0     0     0     1     0     0     0     0     0     7    13     1     0    14     0     0     0     0     3     3     0     0     4     0     3     0     0     0     6   197     0
   55:     0     0    19     0     0    29    16    78     0     0    32     0     0     0    39     1     0     0     0     0     1     0     9    40     0    13     3     3    72    14  1074     0   474     0     0     0   666     0     0     0     0    33    10   312     4   548    23    56     0     0     0    26     3     0     0   952     2   231     0     0     2    14     0    16     0     0     9     0     2     0     5     1     0     0     2     1    44     0     0    42     0     0     0   192     0     0     0     0    90     9   821     0   229  1339     0     2     0    22    72     0   707
   56:     0     0     0     0   260    17     0     0     0     0     0     0     0     0     0     0     0     0     0     0     0     0     0     0     0     0     0     1     0    43     0     0     0     0     0     0     0     0     0     0     0     0     0     0     0     0     0     0     0     0     0     0     0     0     0     1  4414     0     0     0     0    10     0     0     0     0     0     0     0     0     0     0     0     0   315     0     0     0     0     0     0     0     0     0     0    10     0     0     0     0     0     0     0     0     0    54     0     0     0     0     0
   57:     0     0    23     0     0    19     0     0     0     4     0     0    12    26     1    26     0   175     0     0     8     0     0     0     0     1    92    58     0     0     0     0     0    16     0     0     0     3    22     0     0     0    17     0     1    15     8     0     0     0     0    12     0    23   229    28     0  1025     0    39   159     4    38     0     5     2   135     0   331     0    33     6     0     0   245     0   554     0     0     4     2     0     0     0     0     4   243     0    10     0     0     0     0     0     0     0     0     2     0     1     2
   58:     0     0     0     0    11     0     0     0     0     0     0     0   105     0     0     0     0     0     0     0     0     0     0     0     0     0    42     0     0     0     0     0     0     0     0     0     0     0     0     0     0   149     0     0     0     0     0     0     0     0     0     0     0     0     0     3     0     0  6730     0     0   372     0     0     0     0   250     0     0     0     4     0     0     0     0     0     0     0     0     0     0     0  1010     0     0     0     0     0     0     0     0     0     0     0     0     3     0     0     0     0     0
   59:     0     0     0     0     0     0     0     0     0     0     0     0     3     0     0     0    27     0     0     0     0     0     0     0     0     0    14     0     0     0     0     0     0     4     0     0     0     0   430     0     0     0     0     0     0    62   140     0     0     0     0     0     1    32     1     0     0     0    56  9010     4   252  1603     0     0     0     0     0     0     0     0     0     0     0     0     0     0     0     0     0     0     0    22     0     0     0     0     0     0     0     0     0     0     0     0     0     0     0     1     0     0
   60:     0     0    18     0     0     0     0     0     0     0     0     0   362     0     0     0     0     0     0     0     0     0     0     0     0     0     0     0     0     0     0     0     0     5     0     0   130     0     1     0     0     0     0     1     0     8     0     0     0     0     0     0     0     0     0     3     0    34   532     0 13873     0     0     0     0     0     0     0     0    32     0     0     0     0    66     0     0     0     0     0     0     0     0     0     0     0     0     0     0     6     0     0     0     0     0     0     0     0     0     0     0
   61:     0     4     0     0     0     0     0     0     0     0     0     0     0     8     0     0     0     4     0    14     0   472     0     0     0     0     0     0     0     0     0     0     0     0     0     0    15     0     0     0     0     0    22     5     0     1     0     0     0    40     0     2     0     0     0     0     0     6     0     5     0 10902     0    11     0     0    64     0     0     0     0     0     0     0     0     0     4   122     0     0     0     0    53     0     0     0     0     0     0     0     0     0     0    63     4     0     0     0     0    30   229
   62:     0     0     0     0     0     0     0     0     0     0     0     0     0     0     0     0     0     0     0     0     0     0     0     0     0     0     0     0     0     0     0     0     0     0     0     0     0     0     0     0     0     0     0     0     0     0     0     0     0     0     0     0     0     0     0     0     0     0   306     0    21  1384  8673     0     0     0     0     0     0     0     0     0     0     0     0     0     0     0     0     0     0     0     0     0     0     0     0     0     0     0     0     0     0     0     0     0     0     0     0     0     0
   63:     0     0     0     0     0     0     0     0     0     0     0     0     0     0     0     0     0     0     0     0     0    10     0     0     0     0     0     0     0     0     0     0     0     0     0     0     0     1     0     0     0     0     0     0     0     0     0     0     0     0     0     0     0     0     0   112     0     0     0     0     0   126     0  5895     0     0     5     0     0     0     0     0     0     0     0     0     0     0     0     0     0     0     0     0     0     0     0     0     0     0     0     0     0     0     0    12     0     0     0     0     0
   64:     0     0     0     0     0     0     0     0     0     0     0     0     0     0     0     0     0     0     0     0     0     0     0     0     0     0     0     0     0     0     0     0     0   104     0     0     0     0     0     0     0     0     5     0     0     0     0     0     1     0     0     0     0     0     0     0     0     0    52     0    76   112    50     0 12722     0   405     0     0     0     0     0     1     0     0     0     0     0     0     0     0     0     0     0     0     0     0     0     0     0     0     0     0     0     0     0     0     0     0     0     0
   65:     0     0     0     0   201     0     0     0     0     0     0     0     0     0     0     3     0     0     0     0     0     0     0     0     0     0    73     0     0     0     0     0     0     0     0     1     0     0     0     0     0     0     0     0     0     0     0     0     0     0     0     0     0     0     0     0     0     0   420     0     0     0   187     0     0  6991   499     0     0     0     0     0     0     0    18     0     0     0     0     0     0     0     0     0     0     0     0     0     0     0     0     0     0     0     0     0     0     0     0     0     0
   66:     0     0     5     0     0     0     0     0     0     0     0     0     0     0     0     0     0     0     0     0     0     0     0     0     0     0   169     0     0     0     0     0     0     5     0     0     0     0     6     0     0     0     0     0     0    15     0     0     0     0     0     0     3     0     0     7     0     0    37     0     0   171   124   396     3     4  4140     0     0     6     0     0     0     0     0     0     0     1     0     0     0     0     1     0     0     0     0     0     0     3     0     0     0     0     0     0     0     0     0     0     0
   67:     0     0     0     0    32   106     0    40     1     0    17     0     0     0     0     0    12     0     0     0    10     6     0     8     0   144     1     0    17    24   540     0   179     0     0    11     0     2     4   187    18    15    12     0   356     0     3     7     0     0   178     6   159     0     1     0     9     6     0     0     0     0     0     1     0     0     1  5024     2    21    10     0     1     0    18    73     1     0    65     1    56     4    61     8     0   151     0     0    33     4     0    23     3    62     0     0     3     0     0    11     1
   68:     0     0     0     0  1235     0     0     0     0     0     0     0     0     1     0     0     0   172     0     0     1     0     0     0     0     0     0     0     0   408     0     0     0     0     0     0    35   121     0     0     0     0     0     0     0     0     0     0     0     0     0     0     0     1     4     0  1258     1    63     0     1     0     0     0     0    11     0     0  7167     0     0     0     0     0   299     0     0     0     0     0     0     0     0     0     0  1062     1     0     0     0     0     0     0     0     0     0     0     0     0     0     0
   69:     0     0     0     0     0     0     0     5     0     0     2     0     4     0     0     0     0     6     0     0     0     0    74     0     0    25     0     0     0     0     0     0     0     0     0     0     0     0     0     0     0     0     0     0    23     0    13    57     0     0     0     0     0     0     0     1     0     0     0     0     0     0     0     0     0     0     0   426     0  1966     0     0     0     0   804     0     0     0     0     0     0     0     0     0     0   337     0     0   178     0     0     0     0     0     0     0     0     0     0     0     1
   70:     0     0     0     0     0     0     0     0     0     0     0     0     0     0     0     3   129   211     0     0    49     0     0     0     0     0     0     0     0     0     0     0     0     0     0     0     0     0     2     1     0     1     0     0     0     1     3     1     0     2     0     0     0     0     4     3     5    11     0     0     0     0     0     0     0     0     2     0     0     0  8623     2     0     0     2     0     7     0     0     9     0     0     2     0     0     0     0     0     0     0     0     0     0     0     0     0     0     0     0     2     0
   71:     0     0     0   152     0     0     0     0     2   110     0     0     2     0   253     0   465     0     0     0     1     0     0     0     2     0     0     0     0   252     0     0     0     0     0     0    96     0     0     0     0     0     0     0     0     0     0     0     0     0     0    22     0     0    38     0     0     0     0     0     0     0     0     0     0     0     0     0     0     0     0  1163     0     0     0     0     0     0     0     8     0     0     0     0     0     0    15     0     0     0     1     0     0     0    44     0     0     0     0     0     0
   72:     0     0     0     0     0     0     0     0     0     0     0     0     0     0     0     0     0     0   643     0     0     0     0     0     0     0     1     0     0     0     0     0     0     0     0     0     0     0     0     0     0     0     0     0     0     0     0     0   286     0     0     0     2     0     0     0     0     0     0     0     0     0     0     0     0     0     0     0     0     0     0     0  4181     0     0     7     0     0     0     0   102    10     4     0     0     0     0   199     0     0     0     0     0     0     0     0     0     0     0     0     0
   73:     0     0     0     6   113     0     0     0     0     0     0     0     0    71     0     0     0     2     0     7     0     1     4   778     0     0     0     0     0     0     0     0     0    16     2     0     0     0     4     2     0     0     8     0     0     0     0     0     2     0     0     0    11    10    43    18    14     2     9     0     1     0     0     2     0     0    12   263     0   157     0     0     0 15130    97     0     0     0     0     0     0     0     0     0     0    35     0     0   104     0     5     0     0     0     0     0     0     0     0     0     0
   74:     0     0     0     0   136     0     0     0     3     8     1     0     0     0    26     0     3     2     0     0   106     0     0    88     0     2     0     0     0    84     0     0     0     0     0    94   201   103     0     2     0     0   117    11     0     4     8    17     0     1     0    39     0     0    16   103   172   271     0     0    22     0     0     0     1     0     0    31     0   550     0     0     0    40  2709     0     0     0     0    10    15     0   136     0     0   117     0     3     5     2     0     0    21     0     0     0   336     0    26    33    18
   75:     0     0     0     0    80     0     0     0     0     0     0     0     0     0     0     0     0     0     7     0     0     0     0     0     0     0     0     0     0   139     0     1     0     0     0     0     0     0     0  1023     0     0     0    37     0     0     0     0     0     0     0     0   113     0     0     0     0     0     0     0     0     0     0     0     0     0     0     0     0     0     0     0     0     0     0 10362     0     0     0     0     4   457     0     0     0     0     0     0     0     0     0     0     0    20     0     0     0     0     0     3     0
   76:     0     0     8     0   715     0     0     0     3     0     0     0     0     0     4   119    28     0     0     0    19     0     5     0     0     0     0     0     0   566     0     0     0     0     0     0     0     0    38    11     0     0   135   582     0     6    15  1525     0     0     0    60     0     0   596    75     0     6     0     0     0     0     0     0     0     0     0     0    64     0     0     0     0     0     0     0  4342     0     0     0    10     0     0     0     0     0     4     0     0     3   501     0     0     0     0     0     0     0     5    54    44
   77:   815   904     0     0     0     0     0     0     0     0     0     0    97    39     0     0     5     0     0  1684     0     0     0     0     0     0     0     0     0     0     0     0     0   992     0     0     0     0   960     0     0     0     0     0     0   141     0     0     0   332     0     0     0     0     0     0     0     0     6    43     0    78     0     0     0     0     0     0     0    28     0     0     0     0    15     0     0  4086     0     0     0     0     0     0     0     0     0     0     0    61     0     0     0     0     0     0     0     0     0     0     0
   78:     0     0     0     0     5     0   391   484     0     0     0     0     0     0     0     0     0     0     0     0     0     0    28     0     0     0     0     0     3     1    34     0    20     0     0    10     0     0     0     0     0     0     0     0     0     0     0     0     0     0   606     7     0     0     0     0     0     0     0     0     0     0     0     0     0     0     0     0     0     0     0     0     0     0     0     0     0     0  2256     0     0     0     0     0    42     0     0     0     0    32     0    29   115     0     0     0     0     0     0     0     0
   79:     0     0     0     0     0     0     0    25     0     0   166     0     0     0     7     0    28     0    91     0     0    32     4     0     0     1     0     0    84     0     9     1     0     0     0     0     0     0     0    25     0     5     1     0     0     0     0     0     1     0    87   435     0     0     0     0    14     7     0     0    15     0     0     0     0     0     0     0     0    25     1     0     2     2     0     5     0     0    75  3289   145    42    18    26     0     0     0     4     1     3     0     0     3    10     0   128     0    14     0     0     1
   80:     0     0     0     0   153     1     0     0    12     0     6     0     0     0     0   200     0     0    90     0     1    13    14    15     0     0     0   104     0   225    41     0     6     0     0    37     0   543     0     0     1     0     0    24     0     1     3     3   381     0     4     7     8     0    98     0     0     7     0     0     0     0     0     0     0     0     0     0     0     0     0     0     5    15    33    74     8     0     9   391  5864   259    18    15     0   115     0    80     0     0    13     0     0     0     0    37    43     0     0     0     0
   81:     0     0     0     0     0     0     0     0     0     0     0     0     0     0     0     0     0     0     0     0     0     0     0     0     0     3     0     0     0     0     0     0     0     0     0     0     0     0     0     0     0     0     0     0     0     0     0     0    13     0     0     0     2     0     0     0     0     0     0     0     0     0     0     0     0     0     0     0     0     0     0     0    13     0     0    81     0     0     0     0     2  6211     0     0     0     0     0   549     0     0     0     0     0     0     0     0     0     0     0     0     0
   82:     0     0     0     0     0     0     0     0     0     0     0     0     0     0     0     0     0     0     0     0     0     1     0     1     0     0     0     0     0     0     1     0     0     0     3     1     0     0     0     6     0     0     0     0     0     0     0     0     0     0     0     0     0     0     0     0     0     0     0     0     0     0     0     0     0     0     0     0     0     0     0     0     5     0     1     0     0     1     0     1   138    17  4469     0     0     0     0    50     0     0     0     0     0     0     0     0     0     0     0     0     0
   83:     0     0    87     3     0     0   841   244     0     0     0     0     0     0   381     0     0     0     0     0     4     0     0    34     0     0     0    48     0     0     3     0   108     0     0     8     0   166     0     0     0     6     0     0     3     0     0  1268     0     0     0   658     0     0     0     0     0   786     0     0     0     0     0     0     0     0     0     0     0     0     0    11     0     0     0     0    10     0   811    29     0     0     0  4832     0     0    60     0     0     0     0   916  1149     0     0     0     1     0     0     0     0
   84:     0     0     0     0     0     0     0     0     0     0     0     0     0     0     0     0     0     0     0     0     0     0     0     0     0     0     0     0     0     0     0     0     0     0     0     0     0     0     0     0     0     0     0     0     0     0     0     0     0     0     0     0     0     0     0     0     0     0     0     0     0     0     0     0     0     0     0     0     0     0     0     0     0     0     0     0     0     0     0     0     0     0     0     0  3843     0     0     0     0     0     0     0     0     0     0     0     0     0     0     0     0
   85:     0     0     0     0   360     2     0     0     0     0     0     0     0     0     0     0    24     0     0     0     1     0     0     0     0     0     0    21     6   113     0     0     0     0     2     0     0     1     0     0     0     0     0     0     0     0     0     0     0     0     4     0     0     0     0     0   135     0     0     0     0     0     0     0     0     1     0    49     0     2     5     0     0     0    11     0     0     0    40     0     0     0     0     0     0  3826     5     0     0     0     0     0     0     0     0   212     0     0     0     0     0
   86:     0     0     0     1     0     0     0     0     0     0     0     0     0     0     0     0     0     0     0     0     0     0     0     0     0     0     0    21     0     0     0     0     0     0     0     0     0     0     0     0     0     0    13   192     0     0     0     0     0     1     0     0     0     0     0     0     0     0     0     0     0     0     0     0     0     0     0     0     3     0     1     3     0     0     0     0     0     0     1   164     0     0     0     0     0     1  6311     0     0     0     0     0    12     0     0     0     0     0     0     0     0
   87:     0     0     0     0     0     0     0     0     0     0     0     0     0     0     2     0     0     0     0     0     0     8     0     0     0     0     0     1     0     2     0     0     0     0     0     0     0     0     0     0     0     6     0     1     0     0     0     0     0     0     0     0     0     0     0     0     0     0     0     0     0     0     0     0     0     0     0     0     0     0     0     8    14     0     0    96     0     0    75    63    31    56    16     0     0     0     0  5854     0     0     2     0     0     0     0     0     0     0     0     0     0
   88:     0     0     2     0     0     0     0    14     0     0   101     0     0     0     0     0     0     0     0     0     0     0     0     0     0    20     3     0     0     0     1     0   100     0     0    26     0     0     0     0     0    13     0     0     1     0     0     0     0     0   504   138     2     0     0     0     0     4     0     0     0     0     0     0     0     0     0     0     2     0     0     0     0     0     2     0     0     0     0     0     0     0     0    96     0     7     0     0  4959     0     0     0     9   931     0     0    15    96     0     0     0
   89:     0     0     0     0     0     0     0   199     0     0     0     0     0     0   375     0     0     0     0     0    42     0     0     0     0     0     0     0     0     0     0     0     0     0     0     0     0     0     0     0     0     0     0     0     0     0     0     0     0     0     0     0     0     0     0     0    26    15     0     0     0     0     0     0     0     0     0     0     0     0     0     3     0     0     0     0     0     0     0     0     0     0     0     0     0     0     0     0     0  5207     0     0     0     7     0     0     0     0     0     0     0
   90:     0     0     0     0     0     0    18     0     0     0     0     0     0     0     0     0     0     0     0     0     0     0     0     0     0     0     0     6     0    16     0     0     0     0     0     0    29     9     0     0     0     0     0     0     0     0     0    29     0     0     0     0     0     0   518     0     0     0     0     0     0     0     0     0     0     0     0     0     0     0     0    62     0     0     0     0     0     0     0     0     0     0     0   269     0     0     0     0     0   177  3447   127     0     0     0     0     0     0     0     0     0
   91:     0     0     0     0     0     0     0     0     0     0    10     0     0     0     0     0     0     0     0     0     0     0     0    23     0     0     0     0   165   114    63     0   197     0     0   513     0     0     0     0     0    63     0     0     3     0     0     1     0     0     0     0     0     0     0    22     0     0     0     0     0     0     0     0     0     0     0    90     0     0     0     0     0     0     0     0     0     0     0    17   283     0     0    97     0     2     0   151   100     2     0  4249     8    83     0     7     0     0     0     0     0
   92:     0     0     0     0     2     0    94     0     0     0     0     0     0     0     0     0     0     0     0     0     0     0     0    44     0     0     0     0     0     0     0     0    32     0     3   535     0     0     0     0     0     0     2     0    23     0     0    10     0     0     0     0     0     0     0     9     0     0     0     0     0     0     0     0     0     0     0    12     0     0     0     0     0     0     0     0     0     0    37     0     0     0     7     0     0     0     0     0     0     0     1    61  2600   284     0     0     0     0     0     0     6
   93:     0     0     0     0     0     0     0     0     0     0     5     0     0     0     0     0     0     0     0     0     0     0     0     0     0    11     0     0     0     0     0     0     0     0     0     3     0     0     0     0     4    46     0     0     0     0     0     0     0     0     0     0     0     0     0     0     0     0     0     0     0     0     0     0     0     0     0     0     0     0     0     0     0     0    49     0     0     0     0     4    79    66    94     0     0     0     0     6     3   656     0     0   143  6160     0     0     0    20     0     0     0
   94:     0     0     0     0     0     0     0     0     0     0     0     0     0     0     0     0     0     0     0     0     0     0     0     0     0     0     0     0     0     0     0     0     0     0     0     0     0     0   560     0     0     0     0     0     0     0     0     0     0     0     0     0     0     0     0     0     0     0     0     0     0     0     0     0     0     0     0     0     0     0     0     0     0     0     0     0     0     0     0     0     0     0     0     0     0     0     0     0     0     0     0     0     0     0  7589     0     0     0     0     0     0
   95:     0     0     0     0   177     0     0     0     0     2     2     0     0     0     0     0     0     0     0     0     0     0     0     0     0     3     6     0     5    22     0     0     0     0     0     0     0     0     0     0     0     0     0     0     0     8     0     0     0     0     0     0     0     0     0     0   342     0     0     0     0     0     0     0     0     0     0     0     0     0     0     0     0     0     0     0     0     0     0     0     0     0     0     0     0    53    31     0     0     0     0     0     0     0     0  3096     0     0     0     0     0
   96:     0     0     0     0     8     0     0     0     0     0     0     0     0     0     0     6     0     0     0     0     3     0     0     0     0     2     0    11     0     0     0     0     0     0     0     0     0     0     0    32     0     0     0     0    34     0     6     0     0     0    27     0     0     0     0     0    66     0     0     0     0     0     0     0     0     0     0    40     0     0     0     0     0     0     0     0     0     0     0     0     0     0     0     0     0     0     0     0     0     0     0     0     0     0     0     0  2990     0     0     0     0
   97:     0     0    23     0     8     0     0    14     0     0   225     0     2     0     0     0     1     0     0     0     0     3    17     0     0     0     0     1     0     0    59     0   204     2    19     0     3     7     0   299     0   137     2    60     3     0     8    27    73     0     1     0    76     0    81    28     0    16     0     0     0     0     5     0     0     0     0     0     0     0     0     0    63     0     8     2     0     0     0   190  1562     0     0   293     0     0     0     0   128     0    53     0     0    72     0     0    53  3881     0    11     0
   98:     0     0     0     0     0     0     0     0     0     0     0     0     6     0     0     0     8     0     0     0     0     0     0     0     0     0     0     0     0     0     0     0     0     0     0   346    65     0     0     0     0     0     0     0     0   324     0     0     0     0     0     0     0     0   109     0     0     0     0     0     0     0     0     0     0     0     0     0     0   109     0     0     0     0     0     0   535     0     0     0     0     0     1     0     0     0     0     0     0    86     0     0   123     0     0     0     0     0  1599     2   358
   99:     0     0     1     0     0     0     0     0     0     0     0     0     0     0     0     0     0     0     0     0     0     0     0     0     0     0     0     0     0     0     0     0     0     0     0     0     0     0     0     0     0     0     0     0     0    69     0     0     0     0     0     0     0     0     0     0     0     0     0    66     0     0     0     0     0     0     0     0     0    39     0     0     0     0     0     0     0     0     0     0     0     0     0     0     0     0     0     0     0    61     0     0     0     0     0     0     0     0     1  5882   102
  100:     0     1   352   157   146     0     0     0     0     0     0     0    18    32    44    42    50    18     0     0    16    19     4     1     7     0     1     0     0    98    73     0     0    84    67    45     0     0     1     0     0     0    87     0     3   770    36     2     0     4    72    61     0     0   117   177    52    58    22    51    25   331     2     6     0    32    48     1     0    45     0     0     0    58   195     0     6     2    79     2     0     0     8     0     0     3     0     0   134    34   101     0     4     0     0     0     0     0    90   200  2314
------------------------------------------------------------------------------------------------------------------------------------------------------------------------------------------------------------------------------------------------------------------------------------------------------------------------------------------------------------------------------------------------------------------------------------------------------------------------------------------------------------------------------------------------------------------------------------------------------------------------------------
              precision    recall  f1-score   support

           0   0.663925  0.496922  0.568411      7311
           1   0.481474  0.764262  0.590771      6223
           2   0.632597  0.379621  0.474497      6114
           3   0.771788  0.727215  0.748839      6320
           4   0.388758  0.878314  0.538962      3583
           5   0.715133  0.876371  0.787584      7296
           6   0.640057  0.783163  0.704415      4003
           7   0.425694  0.398674  0.411741      3923
           8   0.801051  1.000000  0.889537      2134
           9   0.891108  0.889934  0.890521      5315
          10   0.869927  0.759557  0.811004      8946
          11   0.998508  1.000000  0.999253     12714
          12   0.484794  0.377043  0.424183      5750
          13   0.680152  0.899365  0.774547      2991
          14   0.159326  0.191829  0.174073      3696
          15   0.853711  0.948793  0.898744      5468
          16   0.562354  0.463145  0.507951      9863
          17   0.607589  0.506470  0.552441      8346
          18   0.435639  0.941350  0.595631      5098
          19   0.424146  0.291630  0.345621     10095
          20   0.638298  0.634995  0.636642      6378
          21   0.705906  0.525311  0.602364      3299
          22   0.467353  0.605184  0.527412      3974
          23   0.555216  0.341770  0.423097      4781
          24   0.772377  0.991307  0.868254      5867
          25   0.941155  0.981402  0.960857      7904
          26   0.959746  0.829899  0.890112     12181
          27   0.839539  0.839725  0.839632      4511
          28   0.686999  0.717508  0.701922      4301
          29   0.520942  0.762561  0.619009      5513
          30   0.375313  0.881335  0.526442      3236
          31   0.878805  0.213687  0.343782      7160
          32   0.588715  0.727569  0.650818      6453
          33   0.370987  0.608187  0.460857      3591
          34   0.302926  0.349901  0.324723      3521
          35   0.695606  0.549031  0.613688      8362
          36   0.462994  0.626360  0.532427      3126
          37   0.133578  0.049883  0.072639      5112
          38   0.664733  0.787709  0.721015      9454
          39   0.302156  0.207264  0.245872      4598
          40   0.983304  0.934301  0.958177      6682
          41   0.902836  0.963406  0.932138      8690
          42   0.405496  0.587679  0.479878      3490
          43   0.866766  0.969122  0.915090     11432
          44   0.497650  0.520532  0.508834      3458
          45   0.777927  0.804861  0.791165     10080
          46   0.420118  0.461670  0.439915      2922
          47   0.262544  0.095097  0.139621     15847
          48   0.852826  0.800276  0.825716      6524
          49   0.904602  0.828153  0.864691      7786
          50   0.559495  0.637105  0.595783      4657
          51   0.625000  0.508932  0.561026      8341
          52   0.822958  0.695050  0.753615      3899
          53   0.970000  0.644692  0.774576      5567
          54   0.495215  0.621749  0.551315      6575
          55   0.307593  0.113279  0.165580      8404
          56   0.586656  0.861268  0.697921      5125
          57   0.287840  0.279825  0.283776      3663
          58   0.750111  0.775435  0.762563      8679
          59   0.891550  0.772595  0.827821     11662
          60   0.842166  0.920510  0.879597     15071
          61   0.739771  0.902483  0.813066     12080
          62   0.803725  0.835227  0.819174     10384
          63   0.842504  0.956825  0.896033      6161
          64   0.996788  0.940420  0.967784     13528
          65   0.976806  0.832956  0.899164      8393
          66   0.705281  0.812402  0.755061      5096
          67   0.807068  0.648342  0.719050      7749
          68   0.940675  0.605270  0.736588     11841
          69   0.500892  0.501275  0.501083      3922
          70   0.968332  0.950193  0.959177      9075
          71   0.756177  0.442879  0.558598      2626
          72   0.874503  0.769273  0.818520      5435
          73   0.980494  0.893733  0.935105     16929
          74   0.438847  0.475848  0.456599      5693
          75   0.914725  0.846154  0.879104     12246
          76   0.557811  0.454993  0.501183      9543
          77   0.412561  0.397239  0.404755     10286
          78   0.417700  0.555255  0.476754      4063
          79   0.529715  0.680671  0.595779      4832
          80   0.652498  0.653225  0.652861      8977
          81   0.837062  0.903550  0.869036      6874
          82   0.676097  0.951864  0.790624      4695
          83   0.532334  0.387583  0.448570     12467
          84   0.957399  1.000000  0.978236      3843
          85   0.538873  0.793776  0.641946      4820
          86   0.798659  0.938578  0.862984      6724
          87   0.783668  0.938893  0.854287      6235
          88   0.785025  0.703804  0.742199      7046
          89   0.774275  0.886449  0.826574      5874
          90   0.658830  0.732314  0.693631      4707
          91   0.447499  0.678429  0.539282      6263
          92   0.315381  0.691122  0.433117      3762
          93   0.657628  0.838209  0.737018      7349
          94   0.886151  0.931280  0.908155      8149
          95   0.821220  0.826261  0.823733      3747
          96   0.687989  0.927132  0.789856      3225
          97   0.947741  0.502720  0.656961      7720
          98   0.395792  0.435576  0.414732      3671
          99   0.901594  0.945507  0.923029      6221
         100   0.516172  0.355562  0.421072      6508

    accuracy                       0.694174    685824
   macro avg   0.664356  0.684387  0.659996    685824
weighted avg   0.701735  0.694174  0.685099    685824
-----------------------------------------------------
Accuracy Macro Average: 0.684387
