Confusion Matrix:
       0   1   2   3   4   5   6
  0: 264  16   4   2   6  17   0
  1:   7 116   3   0   0   9   0
  2:   3  30 143   0   1   0   0
  3:   0   0   8  61   0   6   0
  4:   0   0   0   0 207   0   0
  5:   9   8   0   0   0  67   0
  6:   6   0   0   4   0   0 239
--------------------------------
              precision    recall  f1-score   support

           0   0.913495  0.854369  0.882943       309
           1   0.682353  0.859259  0.760656       135
           2   0.905063  0.807910  0.853731       177
           3   0.910448  0.813333  0.859155        75
           4   0.967290  1.000000  0.983373       207
           5   0.676768  0.797619  0.732240        84
           6   1.000000  0.959839  0.979508       249

    accuracy                       0.887540      1236
   macro avg   0.865059  0.870333  0.864515      1236
weighted avg   0.897205  0.887540  0.889991      1236
-----------------------------------------------------
Accuracy Macro Average: 0.870333
