Average: 0.887540
Micro Average: 0.887540
Macro Average: 0.864515
Confusion Matrix:
           0        1        2        3        4        5        6
 0:      264       16        4        2        6       17        0 
 1:        7      116        3        0        0        9        0 
 2:        3       30      143        0        1        0        0 
 3:        0        0        8       61        0        6        0 
 4:        0        0        0        0      207        0        0 
 5:        9        8        0        0        0       67        0 
 6:        6        0        0        4        0        0      239 
