Confusion Matrix:
       0   1   2   3   4   5   6
  0: 263  16   6   0  13  10   1
  1:  14 109   4   0   2   6   0
  2:   6   3 168   0   0   0   0
  3:   0   0   2  61  12   0   0
  4:   0   0   0   0 204   0   3
  5:   8   6   0   3   0  67   0
  6:   3   0   0   3   4   0 239
--------------------------------
              precision    recall  f1-score   support

           0   0.894558  0.851133  0.872305       309
           1   0.813433  0.807407  0.810409       135
           2   0.933333  0.949153  0.941176       177
           3   0.910448  0.813333  0.859155        75
           4   0.868085  0.985507  0.923077       207
           5   0.807229  0.797619  0.802395        84
           6   0.983539  0.959839  0.971545       249

    accuracy                       0.898867      1236
   macro avg   0.887232  0.880570  0.882866      1236
weighted avg   0.899771  0.898867  0.898354      1236
-----------------------------------------------------
Accuracy Macro Average: 0.880570
