Average: 0.898867
Micro Average: 0.898867
Macro Average: 0.882866
Confusion Matrix:
           0        1        2        3        4        5        6
 0:      263       16        6        0       13       10        1 
 1:       14      109        4        0        2        6        0 
 2:        6        3      168        0        0        0        0 
 3:        0        0        2       61       12        0        0 
 4:        0        0        0        0      204        0        3 
 5:        8        6        0        3        0       67        0 
 6:        3        0        0        3        4        0      239 
