Confusion Matrix:
       0   1   2   3   4   5   6
  0: 309   0   0   0   0   0   0
  1: 135   0   0   0   0   0   0
  2: 177   0   0   0   0   0   0
  3:  75   0   0   0   0   0   0
  4: 207   0   0   0   0   0   0
  5:  84   0   0   0   0   0   0
  6: 249   0   0   0   0   0   0
--------------------------------
              precision    recall  f1-score   support

           0   0.250000  1.000000  0.400000       309
           1   0.000000  0.000000  0.000000       135
           2   0.000000  0.000000  0.000000       177
           3   0.000000  0.000000  0.000000        75
           4   0.000000  0.000000  0.000000       207
           5   0.000000  0.000000  0.000000        84
           6   0.000000  0.000000  0.000000       249

    accuracy                       0.250000      1236
   macro avg   0.035714  0.142857  0.057143      1236
weighted avg   0.062500  0.250000  0.100000      1236
-----------------------------------------------------
Accuracy Macro Average: 0.142857
