Confusion Matrix:
        0   1   2   3   4   5   6   7   8   9  10  11  12  13  14  15  16  17  18  19  20  21  22  23  24  25  26  27  28  29
   0:  15   0   0   0   0   0   0   0   0   0   0   0   0   0   0   0   0   0   0   0   0   0   0   0   0   0   0   0   0   0
   1:   0 142   0   0   0   0   0   0   0   0   0   0   0   0   0   0   0   0   0   0   0   0   0   0   0   0   0   0   0   0
   2:   0   0 231   0   0   0   0   0   0   0   0   0   0   0   0   0   0   0   0   0   0   0   0   0   0   0   0   0   0   0
   3:   0   0   0 503   0   0   0   0   0   0   0   0   0   0   0   0   0   0   0   0   0   1   0   0   0   0   0   0   0   0
   4:   0   0   0   0  87   0   0   0   0   0   0   0   0   0   0   0   0   0   0   0   0   0   0   0   0   0   0   0   0   0
   5:   0   0   0   0   0  16   0   0   0   0   0   0   0   0   0   0   0   0   0   0   0   0   0   0   0   0   0   0   0   0
   6:   0   0   0   0   2   0 495   0   0   0   0   0   0   0   0   0   0   0   0   0   0   0   0   0   0   0   0   0   0   0
   7:   0   0   0   0   0   0   0  16   0   0   0   0   0   0   0   0   0   0   0   0   0   0   0   0   0   0   0   0   0   0
   8:   0   0   0   0   0   0   0   0  32   1   0   0   0   0   0   0   0   0   0   0   0   0   0   0   0   0   0   0   0   0
   9:   0   0   0   0   0   0   0   0   4  99   0   0   0   0   0   0   0   0   0   0   0   0   0   0   0   0   0   0   0   0
  10:   0   0   0   0   0   0   0   0   0   0 118   0   0   0   0   0   0   0   0   0   0   0   0   0   0   0   0   0   0   0
  11:   0   0   0   0   0   0   0   0   0   0   0  43   0   0   0   0   0   0   0   0   0   0   0   0   0   0   0   0   0   0
  12:   0   0   0   0   0   0   0   0   0   0   0   0  17   0   0   0   0   0   0   0   0   0   0   0   0   0   0   0   0   0
  13:   0   0   0   0   0   0   0   0   0   0   0   0   1 203   0   0   0   0   0   1   0   0   0   0   0   0   0   0   0   0
  14:   0   0   0   0   0   0   0   0   0   0   0   0   0   0 443   0   0   0   0   2   0   0   0   0   0   0   0   0   0   0
  15:   0   0   0   0   0   0   0   0   0   0   0   0   1   0   1 200   1   0   0   0   0   0   0   0   0   0   0   0   0   0
  16:   0   0   0   0   0   0   0   0   0   0   0   0   0   1   0   0 339   0   0   0   0   0   0   0   0   0   0   0   0   0
  17:   0   0   0   0   0   0   0   0   0   0   0   0   0   0   1   0   1 272   0   0   0   0   0   0   0   0   0   0   0   0
  18:   0   0   0   0   0   0   0   0   0   0   0   0   0   0   0   0   0   0  43   0   0   0   0   0   0   0   0   0   0   0
  19:   0   0   0   0   0   1   0   0   0   0   0   0   0   0   0   0   0   0   0 273   0   0   0   0   0   0   0   0   0   0
  20:   0   0   0   0   0   0   0   0   0   0   0   1   0   0   0   0   0   0   0   0 960   2   1   0   0   0   0   0   0   0
  21:   0   0   0   0   0   0   1   0   0   0   0   0   0   0   0   0   0   0   0   0   1 656   0   0   0   0   0   0   0   0
  22:   0   0   0   0   0   0   0   0   0   0   0   0   0   0   0   0   0   0   0   0   0   0  13   0   0   0   0   0   0   0
  23:   0   0   0   0   0   0   0   0   0   0   0   0   0   0   0   0   0   0   0   0   0   0   0   9   0   0   0   0   0   0
  24:   0   0   0   0   0   0   0   0   0   0   0   0   0   0   0   0   0   0   0   0   0   0   0   3  11   0   0   0   0   0
  25:   0   0   0   0   0   0   0   0   0   0   0   0   0   0   0   0   0   0   0   0   0   0   0   0   0  19   0   1   0   0
  26:   0   0   0   0   0   0   0   0   0   0   0   0   0   0   0   0   0   0   0   0   0   0   0   0   0   0   1   0   0   0
  27:   0   0   0   0   0   0   0   0   0   0   0   0   0   0   0   0   0   0   0   0   0   0   0   0   0   0   0  60   0   0
  28:   0   0   0   0   0   0   0   0   0   0   0   0   0   0   0   0   0   0   0   0   0   0   1   0   0   0   0   0 121   0
  29:   0   0   0   0   0   0   0   0   0   0   0   0   0   0   0   0   0   0   0   0   0   0   0   0   0   0   0   0   0  14
-----------------------------------------------------------------------------------------------------------------------------
              precision    recall  f1-score   support

           0   1.000000  1.000000  1.000000        15
           1   1.000000  1.000000  1.000000       142
           2   1.000000  1.000000  1.000000       231
           3   1.000000  0.998016  0.999007       504
           4   0.977528  1.000000  0.988636        87
           5   0.941176  1.000000  0.969697        16
           6   0.997984  0.995976  0.996979       497
           7   1.000000  1.000000  1.000000        16
           8   0.888889  0.969697  0.927536        33
           9   0.990000  0.961165  0.975369       103
          10   1.000000  1.000000  1.000000       118
          11   0.977273  1.000000  0.988506        43
          12   0.894737  1.000000  0.944444        17
          13   0.995098  0.990244  0.992665       205
          14   0.995506  0.995506  0.995506       445
          15   1.000000  0.985222  0.992556       203
          16   0.994135  0.997059  0.995595       340
          17   1.000000  0.992701  0.996337       274
          18   1.000000  1.000000  1.000000        43
          19   0.989130  0.996350  0.992727       274
          20   0.998959  0.995851  0.997403       964
          21   0.995448  0.996960  0.996203       658
          22   0.866667  1.000000  0.928571        13
          23   0.750000  1.000000  0.857143         9
          24   1.000000  0.785714  0.880000        14
          25   1.000000  0.950000  0.974359        20
          26   1.000000  1.000000  1.000000         1
          27   0.983607  1.000000  0.991736        60
          28   1.000000  0.991803  0.995885       122
          29   1.000000  1.000000  1.000000        14

    accuracy                       0.994527      5481
   macro avg   0.974538  0.986742  0.979229      5481
weighted avg   0.994836  0.994527  0.994571      5481
-----------------------------------------------------
Accuracy Macro Average: 0.986742
