Confusion Matrix:
         0    1    2    3    4    5    6    7    8    9
   0: 2376   72   16   17   13    2   40    7   10   51
   1:   14 2498   21   11   17    2    5   29    4    3
   2:    7   21 2463   18   22   17    5   19    6   26
   3:    5   45   47 2321   20   87   20   19   23   17
   4:    5   76   27   14 2442    5   13    3    6   13
   5:    1   19   35   87   16 2373   37   19    9    8
   6:   32   27   13   34   31   72 2301    2   73   19
   7:    7   95   46   18    7   11    4 2412    1    3
   8:    7   33   35   68   21   16   87    5 2296   36
   9:   48   28   87   40   26   23   16   14   30 2292
-------------------------------------------------------
              precision    recall  f1-score   support

           0   0.949640  0.912442  0.930670      2604
           1   0.857241  0.959293  0.905401      2604
           2   0.882796  0.945853  0.913237      2604
           3   0.883181  0.891321  0.887232      2604
           4   0.933843  0.937788  0.935811      2604
           5   0.909893  0.911290  0.910591      2604
           6   0.910206  0.883641  0.896726      2604
           7   0.953737  0.926267  0.939801      2604
           8   0.934093  0.881720  0.907151      2604
           9   0.928687  0.880184  0.903785      2604

    accuracy                       0.912980     26040
   macro avg   0.914332  0.912980  0.913041     26040
weighted avg   0.914332  0.912980  0.913041     26040
-----------------------------------------------------
Accuracy Macro Average: 0.912980
