Confusion Matrix:
       0   1   2   3   4   5   6   7   8
  0: 928   4   9   7   2   0   0  43   7
  1:   7 955   0   0   0   0   1   6  31
  2:  27   0 886  30  31  11   8   7   0
  3:   6   4  17 872  16  61   9  12   3
  4:   3   0   8  14 945  10  20   0   0
  5:   2   0   9  86  13 878  10   1   1
  6:   6   0   6  10  23  18 937   0   0
  7:  12   5   2   0   0   1   1 976   3
  8:   4  22   0   0   0   0   0  16 958
----------------------------------------
              precision    recall  f1-score   support

           0   0.932663  0.928000  0.930326      1000
           1   0.964646  0.955000  0.959799      1000
           2   0.945571  0.886000  0.914817      1000
           3   0.855741  0.872000  0.863794      1000
           4   0.917476  0.945000  0.931034      1000
           5   0.896834  0.878000  0.887317      1000
           6   0.950304  0.937000  0.943605      1000
           7   0.919887  0.976000  0.947113      1000
           8   0.955135  0.958000  0.956565      1000

    accuracy                       0.926111      9000
   macro avg   0.926473  0.926111  0.926041      9000
weighted avg   0.926473  0.926111  0.926041      9000
-----------------------------------------------------
Accuracy Macro Average: 0.926111
