Confusion Matrix:
         0    1    2    3    4    5    6    7    8    9
   0: 2274  140   15   16   23    3   52   13   14   54
   1:   12 2474   30   16   25    6    5   28    6    2
   2:    9   36 2407   24   35   17    5   22   17   32
   3:    7   73   60 2170   30  171   27   22   34   10
   4:    9  148   40   23 2335    7   17    5   12    8
   5:    3   36   28  111   21 2301   65   11   21    7
   6:   54   44   18   51   52   96 2185    2   89   13
   7:    7  169   79   30   10   14    5 2281    4    5
   8:   18   66   31   88   28   27  112    7 2202   25
   9:   74   64   80   64   34   30   27   11   57 2163
-------------------------------------------------------
              precision    recall  f1-score   support

           0   0.921767  0.873272  0.896865      2604
           1   0.761231  0.950077  0.845234      2604
           2   0.863343  0.924347  0.892804      2604
           3   0.836868  0.833333  0.835097      2604
           4   0.900501  0.896697  0.898595      2604
           5   0.861153  0.883641  0.872252      2604
           6   0.874000  0.839094  0.856191      2604
           7   0.949625  0.875960  0.911306      2604
           8   0.896580  0.845622  0.870356      2604
           9   0.932730  0.830645  0.878732      2604

    accuracy                       0.875269     26040
   macro avg   0.879780  0.875269  0.875743     26040
weighted avg   0.879780  0.875269  0.875743     26040
-----------------------------------------------------
Accuracy Macro Average: 0.875269
