Confusion Matrix:
         0    1    2    3    4    5    6    7    8    9
   0:  980    0    0    0    0    0    0    0    0    0
   1: 1135    0    0    0    0    0    0    0    0    0
   2: 1032    0    0    0    0    0    0    0    0    0
   3: 1010    0    0    0    0    0    0    0    0    0
   4:  982    0    0    0    0    0    0    0    0    0
   5:  892    0    0    0    0    0    0    0    0    0
   6:  958    0    0    0    0    0    0    0    0    0
   7: 1028    0    0    0    0    0    0    0    0    0
   8:  974    0    0    0    0    0    0    0    0    0
   9: 1009    0    0    0    0    0    0    0    0    0
-------------------------------------------------------
              precision    recall  f1-score   support

           0   0.098000  1.000000  0.178506       980
           1   0.000000  0.000000  0.000000      1135
           2   0.000000  0.000000  0.000000      1032
           3   0.000000  0.000000  0.000000      1010
           4   0.000000  0.000000  0.000000       982
           5   0.000000  0.000000  0.000000       892
           6   0.000000  0.000000  0.000000       958
           7   0.000000  0.000000  0.000000      1028
           8   0.000000  0.000000  0.000000       974
           9   0.000000  0.000000  0.000000      1009

    accuracy                       0.098000     10000
   macro avg   0.009800  0.100000  0.017851     10000
weighted avg   0.009604  0.098000  0.017494     10000
-----------------------------------------------------
Accuracy Macro Average: 0.100000
