Confusion Matrix:
         0    1    2    3    4    5    6    7    8    9
   0: 2604    0    0    0    0    0    0    0    0    0
   1: 2604    0    0    0    0    0    0    0    0    0
   2: 2604    0    0    0    0    0    0    0    0    0
   3: 2604    0    0    0    0    0    0    0    0    0
   4: 2604    0    0    0    0    0    0    0    0    0
   5: 2604    0    0    0    0    0    0    0    0    0
   6: 2604    0    0    0    0    0    0    0    0    0
   7: 2604    0    0    0    0    0    0    0    0    0
   8: 2604    0    0    0    0    0    0    0    0    0
   9: 2604    0    0    0    0    0    0    0    0    0
-------------------------------------------------------
              precision    recall  f1-score   support

           0   0.100000  1.000000  0.181818      2604
           1   0.000000  0.000000  0.000000      2604
           2   0.000000  0.000000  0.000000      2604
           3   0.000000  0.000000  0.000000      2604
           4   0.000000  0.000000  0.000000      2604
           5   0.000000  0.000000  0.000000      2604
           6   0.000000  0.000000  0.000000      2604
           7   0.000000  0.000000  0.000000      2604
           8   0.000000  0.000000  0.000000      2604
           9   0.000000  0.000000  0.000000      2604

    accuracy                       0.100000     26040
   macro avg   0.010000  0.100000  0.018182     26040
weighted avg   0.010000  0.100000  0.018182     26040
-----------------------------------------------------
Accuracy Macro Average: 0.100000
