Confusion Matrix:
         0    1    2    3    4    5    6    7    8    9
   0:  977    0    1    0    0    1    0    1    0    0
   1:    0 1134    0    0    0    0    1    0    0    0
   2:    2    2 1015    0    0    4    1    8    0    0
   3:    0    0    3  959    0   42    0    1    5    0
   4:    0    1    0    0  979    0    0    0    0    2
   5:    1    0    1    0    0  888    1    0    0    1
   6:   11    1    1    0    1    1  942    0    1    0
   7:    0    7    2    0    1    0    0 1018    0    0
   8:    0    1    2    0    0    1    0    0  969    1
   9:    4    3    3    0   11    1    0    4    1  982
-------------------------------------------------------
              precision    recall  f1-score   support

           0   0.981910  0.996939  0.989367       980
           1   0.986945  0.999119  0.992995      1135
           2   0.987354  0.983527  0.985437      1032
           3   1.000000  0.949505  0.974099      1010
           4   0.986895  0.996945  0.991895       982
           5   0.946695  0.995516  0.970492       892
           6   0.996825  0.983299  0.990016       958
           7   0.986434  0.990272  0.988350      1028
           8   0.992828  0.994867  0.993846       974
           9   0.995943  0.973241  0.984461      1009

    accuracy                       0.986300     10000
   macro avg   0.986183  0.986323  0.986096     10000
weighted avg   0.986592  0.986300  0.986294     10000
-----------------------------------------------------
Accuracy Macro Average: 0.986323
