Confusion Matrix:
        0   1   2   3   4   5   6   7   8   9  10  11  12  13  14  15  16  17  18  19  20  21  22  23  24  25  26  27  28  29
   0:  15   0   0   0   0   0   0   0   0   0   0   0   0   0   0   0   0   0   0   0   0   0   0   0   0   0   0   0   0   0
   1:   0 142   0   0   0   0   0   0   0   0   0   0   0   0   0   0   0   0   0   0   0   0   0   0   0   0   0   0   0   0
   2:   0   0 231   0   0   0   0   0   0   0   0   0   0   0   0   0   0   0   0   0   0   0   0   0   0   0   0   0   0   0
   3:   2   0   0 501   0   0   0   0   0   0   0   0   0   0   0   0   0   0   0   0   0   1   0   0   0   0   0   0   0   0
   4:   0   0   0   0  87   0   0   0   0   0   0   0   0   0   0   0   0   0   0   0   0   0   0   0   0   0   0   0   0   0
   5:   0   0   0   0   0  16   0   0   0   0   0   0   0   0   0   0   0   0   0   0   0   0   0   0   0   0   0   0   0   0
   6:   0   0   0   0   2   0 495   0   0   0   0   0   0   0   0   0   0   0   0   0   0   0   0   0   0   0   0   0   0   0
   7:   0   0   0   0   0   0   0  16   0   0   0   0   0   0   0   0   0   0   0   0   0   0   0   0   0   0   0   0   0   0
   8:   0   0   0   0   0   0   0   0  32   1   0   0   0   0   0   0   0   0   0   0   0   0   0   0   0   0   0   0   0   0
   9:   0   0   0   0   0   0   0   0   5  98   0   0   0   0   0   0   0   0   0   0   0   0   0   0   0   0   0   0   0   0
  10:   0   0   0   0   0   0   0   0   0   0 118   0   0   0   0   0   0   0   0   0   0   0   0   0   0   0   0   0   0   0
  11:   0   0   0   0   0   0   0   0   0   0   0  43   0   0   0   0   0   0   0   0   0   0   0   0   0   0   0   0   0   0
  12:   0   0   0   0   0   0   0   0   0   0   0   0  17   0   0   0   0   0   0   0   0   0   0   0   0   0   0   0   0   0
  13:   0   0   0   0   0   0   0   0   0   0   0   0   0 204   0   0   0   0   1   0   0   0   0   0   0   0   0   0   0   0
  14:   0   0   0   0   0   0   0   0   0   0   0   0   0   0 444   0   1   0   0   0   0   0   0   0   0   0   0   0   0   0
  15:   0   0   0   0   0   0   0   0   0   0   0   0   0   1   1 200   1   0   0   0   0   0   0   0   0   0   0   0   0   0
  16:   0   0   0   0   0   0   0   0   0   0   0   0   0   4   0   0 336   0   0   0   0   0   0   0   0   0   0   0   0   0
  17:   0   0   0   0   0   0   0   0   0   0   0   0   0   1   0   0   2 270   1   0   0   0   0   0   0   0   0   0   0   0
  18:   0   0   0   0   0   0   0   0   0   0   0   0   0   0   0   0   0   0  43   0   0   0   0   0   0   0   0   0   0   0
  19:   0   0   0   0   0   1   0   0   0   0   0   0   0   0   0   0   1   0   0 272   0   0   0   0   0   0   0   0   0   0
  20:   0   0   0   1   0   0   0   0   0   0   0   0   0   0   0   0   0   0   0   0 961   2   0   0   0   0   0   0   0   0
  21:   0   0   0   1   0   0   1   0   0   0   0   0   0   0   0   0   0   0   0   0   0 656   0   0   0   0   0   0   0   0
  22:   0   0   0   0   0   0   0   0   0   0   0   0   0   0   0   0   0   0   0   0   0   0  13   0   0   0   0   0   0   0
  23:   0   0   0   0   0   0   0   0   0   0   0   0   0   0   0   0   0   0   0   0   0   0   0   9   0   0   0   0   0   0
  24:   0   0   0   0   0   0   0   0   0   0   0   0   0   0   0   0   0   0   0   0   0   0   0   2  12   0   0   0   0   0
  25:   0   0   0   0   0   0   0   0   0   0   0   0   0   0   0   0   0   0   0   0   0   0   0   0   0  19   0   0   0   1
  26:   0   0   0   0   0   0   0   0   0   0   0   0   0   0   0   0   0   0   0   0   0   0   0   0   0   0   1   0   0   0
  27:   0   0   0   0   0   0   0   0   0   0   0   0   0   0   0   0   0   0   0   0   0   0   0   0   0   5   0  55   0   0
  28:   0   0   0   0   0   0   0   0   0   0   0   0   0   0   0   0   0   0   0   0   0   0   0   0   0   0   0   0 122   0
  29:   0   0   0   0   0   0   0   0   0   0   0   0   0   0   0   0   0   0   0   0   0   0   0   0   0   0   0   0   0  14
-----------------------------------------------------------------------------------------------------------------------------
              precision    recall  f1-score   support

           0   0.882353  1.000000  0.937500        15
           1   1.000000  1.000000  1.000000       142
           2   1.000000  1.000000  1.000000       231
           3   0.996024  0.994048  0.995035       504
           4   0.977528  1.000000  0.988636        87
           5   0.941176  1.000000  0.969697        16
           6   0.997984  0.995976  0.996979       497
           7   1.000000  1.000000  1.000000        16
           8   0.864865  0.969697  0.914286        33
           9   0.989899  0.951456  0.970297       103
          10   1.000000  1.000000  1.000000       118
          11   1.000000  1.000000  1.000000        43
          12   1.000000  1.000000  1.000000        17
          13   0.971429  0.995122  0.983133       205
          14   0.997753  0.997753  0.997753       445
          15   1.000000  0.985222  0.992556       203
          16   0.985337  0.988235  0.986784       340
          17   1.000000  0.985401  0.992647       274
          18   0.955556  1.000000  0.977273        43
          19   1.000000  0.992701  0.996337       274
          20   1.000000  0.996888  0.998442       964
          21   0.995448  0.996960  0.996203       658
          22   1.000000  1.000000  1.000000        13
          23   0.818182  1.000000  0.900000         9
          24   1.000000  0.857143  0.923077        14
          25   0.791667  0.950000  0.863636        20
          26   1.000000  1.000000  1.000000         1
          27   1.000000  0.916667  0.956522        60
          28   1.000000  1.000000  1.000000       122
          29   0.933333  1.000000  0.965517        14

    accuracy                       0.992885      5481
   macro avg   0.969951  0.985776  0.976744      5481
weighted avg   0.993313  0.992885  0.992965      5481
-----------------------------------------------------
Accuracy Macro Average: 0.985776
