Confusion Matrix:
       0   1   2   3   4   5   6   7   8
  0: 933   3   6   5   4   0   1  45   3
  1:   6 957   0   0   0   0   3   8  26
  2:  28   0 890  24  30  13   8   7   0
  3:  10   2  19 857  28  58   9  11   6
  4:   6   0  10  18 937   8  15   5   1
  5:   3   0  13  98  19 859   7   1   0
  6:  12   0   7  15  34  18 912   2   0
  7:  14   2   1   1   0   1   1 974   6
  8:   8  29   1   2   0   0   1  12 947
----------------------------------------
              precision    recall  f1-score   support

           0   0.914706  0.933000  0.923762      1000
           1   0.963746  0.957000  0.960361      1000
           2   0.939810  0.890000  0.914227      1000
           3   0.840196  0.857000  0.848515      1000
           4   0.890684  0.937000  0.913255      1000
           5   0.897597  0.859000  0.877874      1000
           6   0.952978  0.912000  0.932039      1000
           7   0.914554  0.974000  0.943341      1000
           8   0.957533  0.947000  0.952237      1000

    accuracy                       0.918444      9000
   macro avg   0.919089  0.918444  0.918401      9000
weighted avg   0.919089  0.918444  0.918401      9000
-----------------------------------------------------
Accuracy Macro Average: 0.918444
