Confusion Matrix:
       0   1   2   3   4   5   6   7   8
  0: 919   2  16   6   2   1   3  39  12
  1:   5 915   0   0   0   0   1  10  69
  2:  23   0 888  22  38  13   7   8   1
  3:   7   2  18 833  23  78  21  11   7
  4:   5   0  13  14 917  11  35   4   1
  5:   3   0  10 100  17 848  19   1   2
  6:   8   0   8  13  16  13 939   2   1
  7:  22   3   0   1   0   0   0 963  11
  8:   5  11   0   0   0   0   0  10 974
----------------------------------------
              precision    recall  f1-score   support

           0   0.921765  0.919000  0.920381      1000
           1   0.980707  0.915000  0.946715      1000
           2   0.931794  0.888000  0.909370      1000
           3   0.842265  0.833000  0.837607      1000
           4   0.905232  0.917000  0.911078      1000
           5   0.879668  0.848000  0.863544      1000
           6   0.916098  0.939000  0.927407      1000
           7   0.918893  0.963000  0.940430      1000
           8   0.903525  0.974000  0.937440      1000

    accuracy                       0.910667      9000
   macro avg   0.911105  0.910667  0.910441      9000
weighted avg   0.911105  0.910667  0.910441      9000
-----------------------------------------------------
Accuracy Macro Average: 0.910667
