Confusion Matrix:
       0   1   2   3   4   5   6   7   8
  0: 931   3  15   6   2   0   2  34   7
  1:   4 960   0   0   0   0   1   5  30
  2:  21   0 912  21  21  12   7   6   0
  3:   6   1  18 854  16  79  11   9   6
  4:   4   0  13  12 936  12  21   2   0
  5:   2   1  11  77  12 884  11   2   0
  6:  11   0   9  11  16  15 937   1   0
  7:  18   3   1   1   0   1   1 966   9
  8:   8  21   0   0   0   0   1  11 959
----------------------------------------
              precision    recall  f1-score   support

           0   0.926368  0.931000  0.928678      1000
           1   0.970677  0.960000  0.965309      1000
           2   0.931563  0.912000  0.921678      1000
           3   0.869654  0.854000  0.861756      1000
           4   0.933200  0.936000  0.934598      1000
           5   0.881356  0.884000  0.882676      1000
           6   0.944556  0.937000  0.940763      1000
           7   0.932432  0.966000  0.948919      1000
           8   0.948566  0.959000  0.953754      1000

    accuracy                       0.926556      9000
   macro avg   0.926486  0.926556  0.926459      9000
weighted avg   0.926486  0.926556  0.926459      9000
-----------------------------------------------------
Accuracy Macro Average: 0.926556
