Confusion Matrix:
         0    1    2    3    4    5    6    7    8    9
   0:  975    0    2    0    0    2    0    1    0    0
   1:    0 1132    2    0    0    0    1    0    0    0
   2:    3    0 1008    0    0    4    2   14    1    0
   3:    0    0    3  984    0   17    0    1    5    0
   4:    1    1    0    0  978    0    0    0    0    2
   5:    1    0    0    0    0  889    1    0    0    1
   6:   12    5    1    0    3    1  935    0    1    0
   7:    0    5    3    0    2    0    0 1018    0    0
   8:    2    1    2    0    1    1    0    0  966    1
   9:    3    4    3    0   13    0    0    6    6  974
-------------------------------------------------------
              precision    recall  f1-score   support

           0   0.977934  0.994898  0.986343       980
           1   0.986063  0.997357  0.991678      1135
           2   0.984375  0.976744  0.980545      1032
           3   1.000000  0.974257  0.986961      1010
           4   0.980943  0.995927  0.988378       982
           5   0.972648  0.996637  0.984496       892
           6   0.995740  0.975992  0.985767       958
           7   0.978846  0.990272  0.984526      1028
           8   0.986721  0.991786  0.989247       974
           9   0.995910  0.965312  0.980372      1009

    accuracy                       0.985900     10000
   macro avg   0.985918  0.985918  0.985831     10000
weighted avg   0.986043  0.985900  0.985886     10000
-----------------------------------------------------
Accuracy Macro Average: 0.985918
