Average: 0.909385
Micro Average: 0.909385
Macro Average: 0.897919
Confusion Matrix:
           0        1        2        3        4        5        6
 0:      278       14        2        0        6        9        0 
 1:       12      113        3        0        0        7        0 
 2:        7       27      143        0        0        0        0 
 3:        1        0        3       70        0        1        0 
 4:        0        0        0        0      207        0        0 
 5:        6        6        0        0        0       72        0 
 6:        5        0        0        3        0        0      241 
