Confusion Matrix:
       0   1   2   3   4   5   6
  0: 278  14   2   0   6   9   0
  1:  12 113   3   0   0   7   0
  2:   7  27 143   0   0   0   0
  3:   1   0   3  70   0   1   0
  4:   0   0   0   0 207   0   0
  5:   6   6   0   0   0  72   0
  6:   5   0   0   3   0   0 241
--------------------------------
              precision    recall  f1-score   support

           0   0.899676  0.899676  0.899676       309
           1   0.706250  0.837037  0.766102       135
           2   0.947020  0.807910  0.871951       177
           3   0.958904  0.933333  0.945946        75
           4   0.971831  1.000000  0.985714       207
           5   0.808989  0.857143  0.832370        84
           6   1.000000  0.967871  0.983673       249

    accuracy                       0.909385      1236
   macro avg   0.898953  0.900424  0.897919      1236
weighted avg   0.915055  0.909385  0.910681      1236
-----------------------------------------------------
Accuracy Macro Average: 0.900424
