Confusion Matrix:
       0   1   2   3   4   5   6
  0:  88  28  17 111  29  35   1
  1:   3  84  15   6   0  27   0
  2:   0   1 176   0   0   0   0
  3:   0   0   9  52  14   0   0
  4:   0   0   0   0 207   0   0
  5:   0   8   4  23   0  49   0
  6:   1   0   0  17   3   0 228
--------------------------------
              precision    recall  f1-score   support

           0   0.956522  0.284790  0.438903       309
           1   0.694215  0.622222  0.656250       135
           2   0.796380  0.994350  0.884422       177
           3   0.248804  0.693333  0.366197        75
           4   0.818182  1.000000  0.900000       207
           5   0.441441  0.583333  0.502564        84
           6   0.995633  0.915663  0.953975       249

    accuracy                       0.715210      1236
   macro avg   0.707311  0.727670  0.671759      1236
weighted avg   0.811700  0.715210  0.707344      1236
-----------------------------------------------------
Accuracy Macro Average: 0.727670
