Average: 0.715210
Micro Average: 0.715210
Macro Average: 0.671759
Confusion Matrix:
           0        1        2        3        4        5        6
 0:       88       28       17      111       29       35        1 
 1:        3       84       15        6        0       27        0 
 2:        0        1      176        0        0        0        0 
 3:        0        0        9       52       14        0        0 
 4:        0        0        0        0      207        0        0 
 5:        0        8        4       23        0       49        0 
 6:        1        0        0       17        3        0      228 
