Confusion Matrix:
        0   1   2   3   4   5   6   7   8   9  10  11  12  13  14  15  16  17  18  19  20  21  22  23  24  25  26  27  28  29
   0:  15   0   0   0   0   0   0   0   0   0   0   0   0   0   0   0   0   0   0   0   0   0   0   0   0   0   0   0   0   0
   1:   0 141   0   0   0   0   0   0   0   0   0   0   0   0   0   0   0   0   0   0   1   0   0   0   0   0   0   0   0   0
   2:   0   0 231   0   0   0   0   0   0   0   0   0   0   0   0   0   0   0   0   0   0   0   0   0   0   0   0   0   0   0
   3:   4   0   2 495   0   0   0   0   0   0   0   0   0   0   0   0   0   0   0   0   2   1   0   0   0   0   0   0   0   0
   4:   0   0   0   0  87   0   0   0   0   0   0   0   0   0   0   0   0   0   0   0   0   0   0   0   0   0   0   0   0   0
   5:   0   0   0   0   0  16   0   0   0   0   0   0   0   0   0   0   0   0   0   0   0   0   0   0   0   0   0   0   0   0
   6:   0   0   0   0   2   0 495   0   0   0   0   0   0   0   0   0   0   0   0   0   0   0   0   0   0   0   0   0   0   0
   7:   0   0   0   0   0   0   0  16   0   0   0   0   0   0   0   0   0   0   0   0   0   0   0   0   0   0   0   0   0   0
   8:   0   0   0   0   0   0   0   0  31   1   0   0   0   0   0   0   0   0   1   0   0   0   0   0   0   0   0   0   0   0
   9:   0   0   0   0   0   0   1   0   5  97   0   0   0   0   0   0   0   0   0   0   0   0   0   0   0   0   0   0   0   0
  10:   0   0   0   0   0   0   0   0   0   0 118   0   0   0   0   0   0   0   0   0   0   0   0   0   0   0   0   0   0   0
  11:   0   0   0   0   0   0   0   0   0   0   0  43   0   0   0   0   0   0   0   0   0   0   0   0   0   0   0   0   0   0
  12:   0   0   0   0   0   0   0   0   0   0   0   0  17   0   0   0   0   0   0   0   0   0   0   0   0   0   0   0   0   0
  13:   0   0   0   0   0   0   0   0   0   0   0   0   0 200   4   1   0   0   0   0   0   0   0   0   0   0   0   0   0   0
  14:   0   0   0   1   0   0   0   0   0   0   0   0   0   1 441   0   0   1   0   0   1   0   0   0   0   0   0   0   0   0
  15:   0   0   0   0   1   0   0   0   0   0   0   0   0   1   0 198   3   0   0   0   0   0   0   0   0   0   0   0   0   0
  16:   0   0   1   0   0   0   0   0   0   0   0   0   0  73   2   0 262   1   0   0   1   0   0   0   0   0   0   0   0   0
  17:   0   0   0   0   0   0   0   0   0   0   0   0   0   0   1   0   4 268   0   1   0   0   0   0   0   0   0   0   0   0
  18:   0   0   0   0   0   0   0   0   0   0   0   0   0   0   0   0   0   0  43   0   0   0   0   0   0   0   0   0   0   0
  19:   0   0   0   0   0   0   0   0   0   0   1   0   0   0   0   0   2   8   0 263   0   0   0   0   0   0   0   0   0   0
  20:   0   2   0   0   0   0   0   0   0   0   0   1   0   0   0   0   0   0   0   0 959   2   0   0   0   0   0   0   0   0
  21:   0   0   1   0   0   0   2   0   0   0   0   0   0   0   0   0   0   0   0   0   0 655   0   0   0   0   0   0   0   0
  22:   0   0   0   0   0   0   0   0   0   0   0   0   0   0   0   0   0   0   0   0   0   0  13   0   0   0   0   0   0   0
  23:   0   0   0   0   0   0   0   0   0   0   0   0   0   0   0   0   0   0   0   0   0   0   0   9   0   0   0   0   0   0
  24:   0   0   0   0   0   0   0   0   0   0   0   0   0   0   0   0   0   0   0   0   0   0   0   2  12   0   0   0   0   0
  25:   0   0   0   0   0   0   0   0   0   0   0   0   0   0   0   0   0   0   0   0   0   0   0   0   0  19   0   0   0   1
  26:   0   0   0   0   0   0   0   0   0   0   0   0   0   0   0   0   0   0   0   0   0   0   0   0   0   0   1   0   0   0
  27:   0   0   0   0   0   0   0   0   0   0   0   0   0   0   0   0   0   0   0   0   0   0   0   0   0   3   0  57   0   0
  28:   0   0   0   0   0   0   0   0   0   0   0   0   0   0   0   0   0   0   0   0   0   0   0   1   1   0   0   1 118   1
  29:   0   0   0   0   0   0   0   0   0   0   0   0   0   0   0   0   0   0   0   0   0   0   0   0   1   0   0   0   0  13
-----------------------------------------------------------------------------------------------------------------------------
              precision    recall  f1-score   support

           0   0.789474  1.000000  0.882353        15
           1   0.986014  0.992958  0.989474       142
           2   0.982979  1.000000  0.991416       231
           3   0.997984  0.982143  0.990000       504
           4   0.966667  1.000000  0.983051        87
           5   1.000000  1.000000  1.000000        16
           6   0.993976  0.995976  0.994975       497
           7   1.000000  1.000000  1.000000        16
           8   0.861111  0.939394  0.898551        33
           9   0.989796  0.941748  0.965174       103
          10   0.991597  1.000000  0.995781       118
          11   0.977273  1.000000  0.988506        43
          12   1.000000  1.000000  1.000000        17
          13   0.727273  0.975610  0.833333       205
          14   0.984375  0.991011  0.987682       445
          15   0.994975  0.975369  0.985075       203
          16   0.966790  0.770588  0.857610       340
          17   0.964029  0.978102  0.971014       274
          18   0.977273  1.000000  0.988506        43
          19   0.996212  0.959854  0.977695       274
          20   0.994813  0.994813  0.994813       964
          21   0.995441  0.995441  0.995441       658
          22   1.000000  1.000000  1.000000        13
          23   0.750000  1.000000  0.857143         9
          24   0.857143  0.857143  0.857143        14
          25   0.863636  0.950000  0.904762        20
          26   1.000000  1.000000  1.000000         1
          27   0.982759  0.950000  0.966102        60
          28   1.000000  0.967213  0.983333       122
          29   0.866667  0.928571  0.896552        14

    accuracy                       0.972998      5481
   macro avg   0.948608  0.971531  0.957849      5481
weighted avg   0.976553  0.972998  0.973267      5481
-----------------------------------------------------
Accuracy Macro Average: 0.971531
