Confusion Matrix:
         0    1    2    3    4    5    6    7    8    9
   0:  975    0    3    0    0    2    0    0    0    0
   1:    0 1133    1    0    0    0    1    0    0    0
   2:    1    3  996    7    0   10    9    6    0    0
   3:    0    0    4 1000    0    3    0    1    2    0
   4:    0    2    0    1  973    0    0    1    1    4
   5:    1    0    1   12    0  873    4    0    0    1
   6:    6    2    5    0    2    1  941    0    1    0
   7:    0    6    5    8    1    2    0 1005    0    1
   8:    1    0    6    2    0    1    0    0  963    1
   9:    0    0    4    1    4    1    0    4    7  988
-------------------------------------------------------
              precision    recall  f1-score   support

           0   0.990854  0.994898  0.992872       980
           1   0.988656  0.998238  0.993424      1135
           2   0.971707  0.965116  0.968401      1032
           3   0.969932  0.990099  0.979912      1010
           4   0.992857  0.990835  0.991845       982
           5   0.977604  0.978700  0.978151       892
           6   0.985340  0.982255  0.983795       958
           7   0.988201  0.977626  0.982885      1028
           8   0.988706  0.988706  0.988706       974
           9   0.992965  0.979187  0.986028      1009

    accuracy                       0.984700     10000
   macro avg   0.984682  0.984566  0.984602     10000
weighted avg   0.984733  0.984700  0.984694     10000
-----------------------------------------------------
Accuracy Macro Average: 0.984566
