Average: 0.905340
Micro Average: 0.905340
Macro Average: 0.887471
Confusion Matrix:
           0        1        2        3        4        5        6
 0:      266       16        3        1        4       19        0 
 1:        6      120        3        0        0        6        0 
 2:        3       22      152        0        0        0        0 
 3:        0        0        6       63        1        5        0 
 4:        0        0        0        0      207        0        0 
 5:        9        0        0        0        0       75        0 
 6:        5        0        0        8        0        0      236 
