Confusion Matrix:
       0   1   2   3   4   5   6
  0: 266  16   3   1   4  19   0
  1:   6 120   3   0   0   6   0
  2:   3  22 152   0   0   0   0
  3:   0   0   6  63   1   5   0
  4:   0   0   0   0 207   0   0
  5:   9   0   0   0   0  75   0
  6:   5   0   0   8   0   0 236
--------------------------------
              precision    recall  f1-score   support

           0   0.920415  0.860841  0.889632       309
           1   0.759494  0.888889  0.819113       135
           2   0.926829  0.858757  0.891496       177
           3   0.875000  0.840000  0.857143        75
           4   0.976415  1.000000  0.988067       207
           5   0.714286  0.892857  0.793651        84
           6   1.000000  0.947791  0.973196       249

    accuracy                       0.905340      1236
   macro avg   0.881777  0.898448  0.887471      1236
weighted avg   0.912404  0.905340  0.907022      1236
-----------------------------------------------------
Accuracy Macro Average: 0.898448
