Confusion Matrix:
         0    1    2    3    4    5    6    7    8    9
   0:  976    0    2    0    0    1    0    1    0    0
   1:    0 1133    1    0    0    0    1    0    0    0
   2:    0    0 1018    4    0    2    3    4    1    0
   3:    0    0    0 1006    0    3    0    0    1    0
   4:    0    1    0    0  977    0    0    0    0    4
   5:    1    0    1    2    0  884    3    0    0    1
   6:    4    1    1    0    0    0  951    0    1    0
   7:    0    3    1    0    0    1    0 1023    0    0
   8:    0    0    2    2    0    1    0    0  968    1
   9:    0    0    2    0    6    0    0    5    4  992
-------------------------------------------------------
              precision    recall  f1-score   support

           0   0.994903  0.995918  0.995411       980
           1   0.995606  0.998238  0.996920      1135
           2   0.990272  0.986434  0.988350      1032
           3   0.992110  0.996040  0.994071      1010
           4   0.993896  0.994908  0.994402       982
           5   0.991031  0.991031  0.991031       892
           6   0.992693  0.992693  0.992693       958
           7   0.990319  0.995136  0.992722      1028
           8   0.992821  0.993840  0.993330       974
           9   0.993988  0.983152  0.988540      1009

    accuracy                       0.992800     10000
   macro avg   0.992764  0.992739  0.992747     10000
weighted avg   0.992801  0.992800  0.992796     10000
-----------------------------------------------------
Accuracy Macro Average: 0.992739
