Confusion Matrix:
         0    1    2    3    4    5    6    7    8    9
   0: 2342   80   17   22    9    2   51    4    8   69
   1:   10 2494   20   14   34    4    4   20    1    3
   2:    4   26 2442   34   29   19    3   18    8   21
   3:    6   57   58 2265   24   95   21   22   32   24
   4:    7  103   36   19 2397    8   10    3    4   17
   5:    2   27   46  131   18 2307   44    9   12    8
   6:   38   34   19   41   24   59 2283    5   85   16
   7:    7  142   44   33    7   18    4 2341    4    4
   8:    7   58   35   72   22   13  138    5 2212   42
   9:   47   35  106   43   29   23   16   11   35 2259
-------------------------------------------------------
              precision    recall  f1-score   support

           0   0.948178  0.899386  0.923138      2604
           1   0.816099  0.957757  0.881272      2604
           2   0.865037  0.937788  0.899945      2604
           3   0.847046  0.869816  0.858280      2604
           4   0.924412  0.920507  0.922455      2604
           5   0.905416  0.885945  0.895575      2604
           6   0.886946  0.876728  0.881808      2604
           7   0.960213  0.899002  0.928600      2604
           8   0.921283  0.849462  0.883916      2604
           9   0.917174  0.867512  0.891652      2604

    accuracy                       0.896390     26040
   macro avg   0.899180  0.896390  0.896664     26040
weighted avg   0.899180  0.896390  0.896664     26040
-----------------------------------------------------
Accuracy Macro Average: 0.896390
