Confusion Matrix:
       0   1   2   3   4   5   6   7   8
  0: 965   3   7   3   1   1   0  15   5
  1:   4 974   0   0   0   0   1   4  17
  2:   4   0 946  17  17   9   6   1   0
  3:   6   1  12 904  10  52   9   4   2
  4:   2   0   7  13 960   5  10   3   0
  5:   2   1   7  55  11 918   6   0   0
  6:   3   0   2   8  11  10 966   0   0
  7:  19   1   4   0   0   0   0 972   4
  8:   4  27   0   0   0   0   0   9 960
----------------------------------------
              precision    recall  f1-score   support

           0   0.956392  0.965000  0.960677      1000
           1   0.967229  0.974000  0.970603      1000
           2   0.960406  0.946000  0.953149      1000
           3   0.904000  0.904000  0.904000      1000
           4   0.950495  0.960000  0.955224      1000
           5   0.922613  0.918000  0.920301      1000
           6   0.967936  0.966000  0.966967      1000
           7   0.964286  0.972000  0.968127      1000
           8   0.971660  0.960000  0.965795      1000

    accuracy                       0.951667      9000
   macro avg   0.951669  0.951667  0.951649      9000
weighted avg   0.951669  0.951667  0.951649      9000
-----------------------------------------------------
Accuracy Macro Average: 0.951667
