Confusion Matrix:
        0   1   2   3   4   5   6   7   8   9  10  11  12  13  14  15  16  17  18  19  20  21  22  23  24  25  26  27  28  29
   0:  15   0   0   0   0   0   0   0   0   0   0   0   0   0   0   0   0   0   0   0   0   0   0   0   0   0   0   0   0   0
   1:   1 141   0   0   0   0   0   0   0   0   0   0   0   0   0   0   0   0   0   0   0   0   0   0   0   0   0   0   0   0
   2:   0   0 231   0   0   0   0   0   0   0   0   0   0   0   0   0   0   0   0   0   0   0   0   0   0   0   0   0   0   0
   3:   2   1   0 500   0   0   0   0   0   0   0   0   0   0   0   0   0   0   0   0   0   0   1   0   0   0   0   0   0   0
   4:   0   0   0   0  87   0   0   0   0   0   0   0   0   0   0   0   0   0   0   0   0   0   0   0   0   0   0   0   0   0
   5:   0   0   0   0   0  16   0   0   0   0   0   0   0   0   0   0   0   0   0   0   0   0   0   0   0   0   0   0   0   0
   6:   0   0   0   0   2   2 491   0   0   1   0   1   0   0   0   0   0   0   0   0   0   0   0   0   0   0   0   0   0   0
   7:   0   0   0   0   0   0   0  16   0   0   0   0   0   0   0   0   0   0   0   0   0   0   0   0   0   0   0   0   0   0
   8:   0   0   0   0   0   0   0   0  32   1   0   0   0   0   0   0   0   0   0   0   0   0   0   0   0   0   0   0   0   0
   9:   0   0   0   0   0   0   0   0   4  99   0   0   0   0   0   0   0   0   0   0   0   0   0   0   0   0   0   0   0   0
  10:   0   0   0   0   0   0   0   0   0   0 118   0   0   0   0   0   0   0   0   0   0   0   0   0   0   0   0   0   0   0
  11:   0   0   0   0   0   0   0   0   0   0   0  43   0   0   0   0   0   0   0   0   0   0   0   0   0   0   0   0   0   0
  12:   0   0   0   0   0   0   0   0   0   0   0   0  17   0   0   0   0   0   0   0   0   0   0   0   0   0   0   0   0   0
  13:   0   0   0   0   0   0   0   0   0   0   0   0   0 203   0   1   0   0   0   1   0   0   0   0   0   0   0   0   0   0
  14:   0   0   0   0   0   0   2   0   0   0   0   0   0   0 438   0   0   1   1   3   0   0   0   0   0   0   0   0   0   0
  15:   0   0   0   0   0   0   0   0   0   0   0   0   0   1   1 200   1   0   0   0   0   0   0   0   0   0   0   0   0   0
  16:   0   0   0   0   0   0   0   0   0   0   0   0   0   3   0   0 334   2   1   0   0   0   0   0   0   0   0   0   0   0
  17:   0   0   0   0   0   0   0   0   0   0   0   0   0   0   1   0   2 270   0   1   0   0   0   0   0   0   0   0   0   0
  18:   0   0   0   0   0   0   0   0   0   0   0   0   0   0   0   0   0   0  43   0   0   0   0   0   0   0   0   0   0   0
  19:   0   1   0   0   0   0   0   0   0   0   1   0   0   0   0   0   1   1   0 270   0   0   0   0   0   0   0   0   0   0
  20:   0   0   1   0   0   0   0   0   0   0   0   0   0   0   0   0   0   0   0   0 962   1   0   0   0   0   0   0   0   0
  21:   0   0   0   1   0   0   1   0   0   0   0   0   0   0   0   0   0   0   0   0   0 656   0   0   0   0   0   0   0   0
  22:   0   0   0   0   0   0   0   0   0   0   0   0   0   0   0   0   0   0   0   0   0   0  13   0   0   0   0   0   0   0
  23:   0   0   0   0   0   0   0   0   0   0   0   0   0   0   0   0   0   0   0   0   0   0   0   9   0   0   0   0   0   0
  24:   0   0   0   0   0   0   0   0   0   0   0   0   0   0   0   0   0   0   0   0   0   0   0   4   9   0   0   1   0   0
  25:   0   0   0   0   0   0   0   0   0   0   0   0   0   0   0   0   0   0   0   0   0   0   0   0   0  18   0   1   0   1
  26:   0   0   0   0   0   0   0   0   0   0   0   0   0   0   0   0   0   0   0   0   0   0   0   0   0   0   1   0   0   0
  27:   0   0   0   0   0   0   0   0   0   0   0   0   0   0   0   0   0   0   0   0   0   0   0   0   0   0   0  60   0   0
  28:   0   0   0   0   0   0   0   0   0   0   0   0   0   0   0   0   0   0   0   0   0   0   0   0   0   0   0   0 122   0
  29:   0   0   0   0   0   0   0   0   0   0   0   0   0   0   0   0   0   0   0   0   0   0   0   0   0   0   0   0   0  14
-----------------------------------------------------------------------------------------------------------------------------
              precision    recall  f1-score   support

           0   0.833333  1.000000  0.909091        15
           1   0.986014  0.992958  0.989474       142
           2   0.995690  1.000000  0.997840       231
           3   0.998004  0.992063  0.995025       504
           4   0.977528  1.000000  0.988636        87
           5   0.888889  1.000000  0.941176        16
           6   0.993927  0.987928  0.990918       497
           7   1.000000  1.000000  1.000000        16
           8   0.888889  0.969697  0.927536        33
           9   0.980198  0.961165  0.970588       103
          10   0.991597  1.000000  0.995781       118
          11   0.977273  1.000000  0.988506        43
          12   1.000000  1.000000  1.000000        17
          13   0.980676  0.990244  0.985437       205
          14   0.995455  0.984270  0.989831       445
          15   0.995025  0.985222  0.990099       203
          16   0.988166  0.982353  0.985251       340
          17   0.985401  0.985401  0.985401       274
          18   0.955556  1.000000  0.977273        43
          19   0.981818  0.985401  0.983607       274
          20   1.000000  0.997925  0.998962       964
          21   0.998478  0.996960  0.997719       658
          22   0.928571  1.000000  0.962963        13
          23   0.692308  1.000000  0.818182         9
          24   1.000000  0.642857  0.782609        14
          25   1.000000  0.900000  0.947368        20
          26   1.000000  1.000000  1.000000         1
          27   0.967742  1.000000  0.983607        60
          28   1.000000  1.000000  1.000000       122
          29   0.933333  1.000000  0.965517        14

    accuracy                       0.990330      5481
   macro avg   0.963796  0.978481  0.968280      5481
weighted avg   0.990806  0.990330  0.990347      5481
-----------------------------------------------------
Accuracy Macro Average: 0.978481
