Confusion Matrix:
        0   1   2   3   4   5   6   7   8   9  10  11  12  13  14  15  16  17  18  19  20  21  22  23  24  25  26  27  28  29
   0:  15   0   0   0   0   0   0   0   0   0   0   0   0   0   0   0   0   0   0   0   0   0   0   0   0   0   0   0   0   0
   1:   1 141   0   0   0   0   0   0   0   0   0   0   0   0   0   0   0   0   0   0   0   0   0   0   0   0   0   0   0   0
   2:   0   0 231   0   0   0   0   0   0   0   0   0   0   0   0   0   0   0   0   0   0   0   0   0   0   0   0   0   0   0
   3:   2   1   2 498   0   0   0   0   0   0   0   0   0   0   0   0   0   0   0   0   0   1   0   0   0   0   0   0   0   0
   4:   0   0   0   0  87   0   0   0   0   0   0   0   0   0   0   0   0   0   0   0   0   0   0   0   0   0   0   0   0   0
   5:   0   0   0   0   0  16   0   0   0   0   0   0   0   0   0   0   0   0   0   0   0   0   0   0   0   0   0   0   0   0
   6:   0   0   0   0   2   0 495   0   0   0   0   0   0   0   0   0   0   0   0   0   0   0   0   0   0   0   0   0   0   0
   7:   0   0   0   0   0   0   0  16   0   0   0   0   0   0   0   0   0   0   0   0   0   0   0   0   0   0   0   0   0   0
   8:   0   0   0   0   0   0   0   0  32   1   0   0   0   0   0   0   0   0   0   0   0   0   0   0   0   0   0   0   0   0
   9:   0   0   0   0   0   0   0   0   5  98   0   0   0   0   0   0   0   0   0   0   0   0   0   0   0   0   0   0   0   0
  10:   0   0   0   0   0   0   0   0   0   0 118   0   0   0   0   0   0   0   0   0   0   0   0   0   0   0   0   0   0   0
  11:   0   0   0   0   0   0   0   0   0   0   0  43   0   0   0   0   0   0   0   0   0   0   0   0   0   0   0   0   0   0
  12:   0   0   0   0   0   0   0   0   0   0   0   0  17   0   0   0   0   0   0   0   0   0   0   0   0   0   0   0   0   0
  13:   0   0   0   0   0   0   0   0   0   0   0   0   0 203   0   0   1   0   1   0   0   0   0   0   0   0   0   0   0   0
  14:   0   0   0   1   0   0   0   0   0   0   0   0   0   0 443   0   1   0   0   0   0   0   0   0   0   0   0   0   0   0
  15:   0   0   0   0   0   0   0   0   0   0   0   0   0   1   1 200   1   0   0   0   0   0   0   0   0   0   0   0   0   0
  16:   0   0   0   0   0   0   0   0   0   0   0   0   0   3   0   0 336   0   0   0   1   0   0   0   0   0   0   0   0   0
  17:   0   0   0   0   0   0   0   0   0   0   0   0   0   1   0   0   3 269   1   0   0   0   0   0   0   0   0   0   0   0
  18:   0   0   0   0   0   0   0   0   0   0   0   0   1   0   0   0   0   0  42   0   0   0   0   0   0   0   0   0   0   0
  19:   0   0   0   0   0   1   0   0   0   0   0   0   0   0   0   0   1   0   0 272   0   0   0   0   0   0   0   0   0   0
  20:   0   0   0   0   0   0   0   0   0   0   0   1   0   0   0   0   0   0   0   0 961   2   0   0   0   0   0   0   0   0
  21:   0   0   1   0   0   0   0   0   0   0   0   0   0   0   0   0   0   0   0   0   0 657   0   0   0   0   0   0   0   0
  22:   0   0   0   0   0   0   0   0   0   0   0   0   0   0   0   0   0   0   0   0   0   0  13   0   0   0   0   0   0   0
  23:   0   0   0   0   0   0   0   0   0   0   0   0   0   0   0   0   0   0   0   0   0   0   0   5   4   0   0   0   0   0
  24:   0   0   0   0   0   0   0   0   0   0   0   0   0   0   0   0   0   0   0   0   0   0   0   2  12   0   0   0   0   0
  25:   0   0   0   0   0   0   0   0   0   0   0   0   0   0   0   0   0   0   0   0   0   0   0   0   0  19   0   0   0   1
  26:   0   0   0   0   0   0   0   0   0   0   0   0   0   0   0   0   0   0   0   0   0   0   0   0   0   0   1   0   0   0
  27:   0   0   0   0   0   0   0   0   0   0   0   0   0   0   0   0   0   0   0   0   0   0   0   0   0   4   0  56   0   0
  28:   0   0   0   0   0   0   0   0   0   0   0   0   0   0   0   0   0   0   0   0   0   0   0   1   1   0   0   0 119   1
  29:   0   0   0   0   0   0   0   0   0   0   0   0   0   0   0   0   0   0   0   0   0   0   0   0   0   0   0   0   0  14
-----------------------------------------------------------------------------------------------------------------------------
              precision    recall  f1-score   support

           0   0.833333  1.000000  0.909091        15
           1   0.992958  0.992958  0.992958       142
           2   0.987179  1.000000  0.993548       231
           3   0.997996  0.988095  0.993021       504
           4   0.977528  1.000000  0.988636        87
           5   0.941176  1.000000  0.969697        16
           6   1.000000  0.995976  0.997984       497
           7   1.000000  1.000000  1.000000        16
           8   0.864865  0.969697  0.914286        33
           9   0.989899  0.951456  0.970297       103
          10   1.000000  1.000000  1.000000       118
          11   0.977273  1.000000  0.988506        43
          12   0.944444  1.000000  0.971429        17
          13   0.975962  0.990244  0.983051       205
          14   0.997748  0.995506  0.996625       445
          15   1.000000  0.985222  0.992556       203
          16   0.979592  0.988235  0.983895       340
          17   1.000000  0.981752  0.990792       274
          18   0.954545  0.976744  0.965517        43
          19   1.000000  0.992701  0.996337       274
          20   0.998960  0.996888  0.997923       964
          21   0.995455  0.998480  0.996965       658
          22   1.000000  1.000000  1.000000        13
          23   0.625000  0.555556  0.588235         9
          24   0.705882  0.857143  0.774194        14
          25   0.826087  0.950000  0.883721        20
          26   1.000000  1.000000  1.000000         1
          27   1.000000  0.933333  0.965517        60
          28   1.000000  0.975410  0.987552       122
          29   0.875000  1.000000  0.933333        14

    accuracy                       0.990513      5481
   macro avg   0.948029  0.969180  0.957522      5481
weighted avg   0.991000  0.990513  0.990622      5481
-----------------------------------------------------
Accuracy Macro Average: 0.969180
