Confusion Matrix:
         0    1    2    3    4    5    6    7    8    9
   0:  976    0    2    0    0    1    0    1    0    0
   1:    0 1132    1    0    0    0    1    1    0    0
   2:    0    1 1016    4    0    5    3    2    1    0
   3:    0    0    0 1007    0    2    0    0    1    0
   4:    0    0    0    0  976    0    1    0    1    4
   5:    1    0    0    3    0  883    4    0    0    1
   6:    5    1    1    0    0    1  948    0    2    0
   7:    0    4    2    0    0    1    0 1021    0    0
   8:    0    0    2    2    0    1    0    0  968    1
   9:    0    0    2    0    8    0    0    4    1  994
-------------------------------------------------------
              precision    recall  f1-score   support

           0   0.993890  0.995918  0.994903       980
           1   0.994728  0.997357  0.996040      1135
           2   0.990253  0.984496  0.987366      1032
           3   0.991142  0.997030  0.994077      1010
           4   0.991870  0.993890  0.992879       982
           5   0.987696  0.989910  0.988802       892
           6   0.990596  0.989562  0.990078       958
           7   0.992225  0.993191  0.992708      1028
           8   0.993840  0.993840  0.993840       974
           9   0.994000  0.985134  0.989547      1009

    accuracy                       0.992100     10000
   macro avg   0.992024  0.992033  0.992024     10000
weighted avg   0.992101  0.992100  0.992096     10000
-----------------------------------------------------
Accuracy Macro Average: 0.992033
